0.0 0.5 2.8 1.1 0.0 3.6 0.1 0.0 14.3 15.4 0.31
0.0 0.0 0.0 0.0 0.0 0.0 0.0 0.0 15.9 17.2 0.647
5.3 6.1 6.6 1.7 3.5 1.5 2.0 1.3 15.6 18.4 1.191
14.7 10.3 19.5 10.3 9.7 17.0 16.6 9.5 12.6 14.7 1.377
0.1 3.1 0.7 1.2 1.5 0.3 1.5 1.9 9.3 11.0 1.688
0.0 0.0 0.0 0.0 0.0 0.0 0.0 0.0 10.7 10.3 1.861
0.0 0.0 0.0 0.0 0.0 0.0 0.0 0.0 12.6 11.4 2.731
0.0 0.0 0.0 0.0 0.0 0.0 0.0 0.0 11.8 12.6 2.561
0.0 0.0 0.0 0.0 0.0 0.0 0.0 0.0 13.1 11.1 1.941
0.0 0.0 0.0 0.0 0.0 0.0 0.0 0.0 15.4 13.0 2.001
0.0 0.0 0.0 0.0 0.0 0.0 0.0 0.0 14.4 15.2 2.268
0.0 0.0 0.0 0.0 0.0 0.0 0.0 0.0 14.8 14.0 1.66
0.0 0.0 0.0 0.0 0.0 0.0 0.0 0.0 16.9 14.2 1.293
14.6 3.6 3.8 17.1 4.3 10.5 28.4 4.2 16.2 14.2 1.115
0.3 0.0 3.0 0.0 0.0 0.5 0.3 0.0 14.6 13.7 0.968
0.6 3.8 4.9 1.3 1.1 0.1 1.7 0.0 11.3 12.7 0.976
6.8 5.1 3.0 0.9 2.5 2.4 3.4 1.0 11.1 10.9 1.04
0.3 0.0 1.0 0.0 0.0 0.5 0.2 2.0 8.5 8.9 1.101
0.0 0.0 0.0 0.0 0.0 0.0 0.0 0.0 9.3 9.0 1.41
2.7 4.0 2.8 4.6 2.5 2.0 2.4 6.0 9.9 10.6 1.76
0.0 0.0 0.0 0.0 0.0 0.0 0.0 0.0 13.2 12.8 1.533
0.0 0.0 0.0 0.0 0.0 0.0 0.0 0.0 15.3 17.2 1.616
0.0 0.0 0.0 0.0 0.0 0.0 0.0 0.0 17.0 11.7 2.002
0.0 0.0 0.0 0.0 0.0 0.0 0.0 0.0 17.3 12.6 2.228
0.0 0.0 0.0 0.0 0.0 0.0 0.0 0.0 15.8 13.3 2.483
0.0 0.0 0.0 0.0 0.0 0.0 0.0 0.0 13.5 10.4 2.384
0.0 0.0 0.0 0.0 0.0 0.0 0.0 0.0 13.0 9.5 2.035
0.0 0.0 0.0 0.0 0.0 0.0 0.0 0.0 13.7 9.3 3.596
0.0 0.0 0.0 0.0 0.0 0.0 0.0 0.0 13.7 11.8 4.346
0.0 0.0 0.0 0.0 0.0 0.0 0.0 0.0 12.4 8.2 3.916
0.0 0.0 0.1 0.0 0.0 0.0 0.0 0.0 12.7 10.3 2.976
0.0 0.0 0.0 0.0 0.0 0.0 0.0 0.0 9.2 7.4 2.906
0.0 0.0 0.0 0.0 0.0 0.0 0.0 0.0 9.0 9.2 3.187
0.0 0.0 0.0 0.0 0.0 0.0 0.0 0.0 8.0 5.7 2.234
0.0 0.0 0.0 0.0 0.0 0.0 0.0 0.0 7.3 7.7 1.525
0.0 0.0 0.0 0.0 0.0 0.0 0.0 0.0 5.1 5.2 0.803
0.0 0.0 0.0 0.0 0.0 0.0 0.0 0.0 6.5 3.8 0.525
0.0 0.0 0.0 0.0 0.0 0.0 0.0 0.0 7.5 6.1 0.686
0.0 0.0 0.0 0.0 0.0 0.0 0.0 0.0 9.5 9.1 0.125
0.8 0.5 0.5 0.0 0.0 0.3 0.4 0.1 13.7 13.7 0.128
1.1 1.1 1.4 1.4 1.2 1.2 1.4 0.0 13.2 13.3 0.106
1.1 0.4 1.0 0.0 0.0 0.2 0.5 0.0 10.9 10.9 0.104
0.4 0.4 1.1 0.0 0.0 0.0 0.0 0.0 12.6 13.3 0.109
0.0 0.0 0.0 0.0 0.0 0.0 0.0 0.0 12.5 12.6 0.102
0.0 0.0 0.0 0.0 0.0 0.0 0.0 0.0 9.9 8.6 0.113
0.0 0.0 0.0 0.0 0.0 0.0 0.0 0.0 12.3 10.0 0.125
0.0 0.0 0.0 0.0 0.0 0.0 0.0 0.0 9.5 9.5 0.15
0.0 0.0 0.0 0.0 0.0 0.0 0.0 0.0 7.3 5.8 0.189
0.0 0.0 0.0 0.0 0.0 0.0 0.0 0.0 5.8 6.2 0.198
3.2 1.2 2.4 2.8 1.4 2.8 3.5 1.0 6.5 4.9 0.229
0.0 0.0 0.0 0.0 0.0 0.0 0.0 0.0 5.8 5.8 0.431
0.0 0.0 0.0 0.0 0.0 0.0 0.1 0.0 9.1 9.5 0.689
0.0 0.0 0.0 0.0 0.0 0.0 0.0 0.0 9.4 8.8 0.772
1.1 0.7 2.0 1.2 0.3 1.2 1.0 1.2 7.8 8.6 0.831
1.5 1.2 1.1 0.6 0.7 0.0 1.2 0.0 7.2 7.5 0.943
0.3 0.0 0.2 0.0 0.0 0.8 0.2 0.7 7.4 8.1 0.978
0.0 0.0 0.0 0.0 0.0 0.1 0.0 0.0 6.9 3.9 1.019
0.0 0.0 0.0 0.0 0.0 0.0 0.0 0.0 7.7 8.2 1.133
0.0 0.0 0.0 0.0 0.0 0.0 0.0 0.0 7.0 8.2 1.147
0.0 0.0 0.0 0.0 0.0 0.0 0.0 0.0 7.5 7.7 1.147
0.0 0.0 0.0 0.0 0.0 0.0 0.0 0.0 4.5 4.0 1.108
0.0 0.0 0.0 0.0 0.0 0.0 0.0 0.0 4.4 5.2 1.026
0.0 0.0 0.0 0.0 0.0 0.0 0.0 0.0 3.9 5.0 1.036
1.7 2.5 2.6 1.9 1.3 1.4 2.0 2.2 1.9 2.9 1.06
4.3 3.0 3.0 3.2 1.3 1.9 2.0 1.2 2.9 3.5 1.042
6.1 3.9 7.9 6.9 10.1 6.5 13.8 3.2 0.5 1.2 0.975
0.2 0.4 0.0 1.7 0.1 0.6 0.4 0.4 -0.1 0.4 0.914
0.1 0.1 1.2 2.2 0.1 0.0 0.1 1.0 -1.7 -0.3 0.91
3.3 3.9 4.2 5.5 4.4 0.4 4.7 7.0 -0.7 -0.4 0.899
0.3 0.1 0.0 0.0 0.0 0.0 0.0 0.0 1.0 -0.1 0.924
0.4 0.0 0.0 0.0 0.0 0.0 0.0 0.0 -0.4 1.1 1.007
0.0 0.0 0.0 0.0 0.0 0.0 0.0 0.0 -0.6 0.4 1.001
0.0 0.0 0.0 0.0 0.0 0.0 0.0 0.0 -6.7 -4.8 1.0
0.0 0.2 0.0 0.0 0.1 3.4 0.3 0.0 -3.2 -1.9 0.788
7.2 5.3 4.7 3.1 2.7 0.0 4.4 3.7 -0.5 0.0 0.332
0.1 0.0 0.0 0.0 0.0 0.0 0.0 0.0 -1.7 -2.4 0.509
3.5 1.6 2.3 0.0 0.9 0.3 1.8 1.7 -1.1 -1.4 0.646
0.0 0.0 0.0 0.0 0.0 0.0 0.0 0.0 -1.7 -0.4 0.689
0.0 0.0 0.0 0.0 0.0 0.0 0.0 0.0 -1.1 -0.9 0.824
0.0 0.0 0.0 0.0 0.0 0.0 0.0 0.0 1.2 -4.6 0.902
0.0 0.0 0.0 0.0 0.0 0.0 0.0 0.0 -1.6 -5.2 1.023
2.3 1.2 0.0 0.0 0.9 1.0 1.9 1.0 0.4 0.7 0.954
2.4 2.4 0.0 4.4 1.5 1.2 2.1 1.9 1.2 0.5 0.91
1.9 0.0 0.0 2.2 0.5 2.8 2.9 0.0 2.4 2.0 0.869
0.1 0.4 0.0 0.0 0.0 0.1 0.3 0.0 2.1 2.6 1.074
0.1 0.5 5.8 0.0 0.1 0.2 1.0 0.0 2.7 4.1 1.231
0.1 0.3 0.0 0.0 0.5 0.0 1.2 0.2 2.8 4.2 1.28
0.1 0.0 0.0 0.0 0.0 0.0 0.1 0.2 1.3 1.2 1.539
0.0 0.0 0.0 0.0 0.0 0.0 0.0 0.0 -1.4 -0.5 2.077
0.0 0.0 0.4 0.0 0.0 0.0 0.0 0.0 -1.0 0.0 1.745
0.1 0.1 0.6 0.0 0.0 0.3 0.6 0.5 0.1 1.2 1.353
0.0 0.1 0.1 1.4 0.0 0.0 0.0 0.0 1.2 1.9 1.127
0.5 0.4 1.1 0.0 0.2 0.0 1.1 0.5 1.6 2.9 1.171
7.1 5.0 5.3 4.9 1.6 1.5 4.1 6.3 2.2 3.7 1.215
19.8 8.7 9.5 4.6 9.2 7.0 14.1 3.0 0.7 2.5 1.246
0.3 0.4 0.5 3.3 0.4 0.6 0.1 3.5 -2.0 -1.7 1.271
5.9 7.8 2.3 2.1 3.2 1.4 3.4 1.5 -2.0 -0.7 4.935
5.9 4.7 5.9 4.1 2.8 2.7 3.6 6.8 -1.6 -0.9 7.993
5.0 4.8 6.0 8.5 3.2 2.6 3.9 0.0 0.9 1.8 4.718
1.3 1.4 4.5 0.5 0.7 0.1 0.6 3.3 -1.1 0.5 2.888
2.6 5.1 5.1 3.2 2.0 2.2 4.0 3.0 0.9 1.8 2.872
1.5 4.9 4.5 3.4 1.7 3.0 4.5 6.7 1.2 2.2 3.455
1.6 0.6 2.5 0.0 0.3 0.1 0.5 0.5 2.6 4.8 3.814
0.0 0.1 0.0 0.0 0.0 0.0 0.0 0.0 -0.5 0.6 4.699
0.7 0.4 0.9 0.0 0.1 0.3 0.6 2.5 1.1 -1.8 10.679
0.4 0.6 0.3 0.0 0.2 0.3 0.3 0.0 -2.3 -1.5 13.379
7.9 9.8 1.2 15.5 8.8 9.5 11.0 15.0 -3.7 -2.7 9.389
0.7 0.0 0.2 0.0 0.1 0.2 0.5 0.0 -6.3 -7.1 6.949
0.6 1.4 0.2 0.0 0.0 0.0 0.0 0.0 -7.7 -7.0 4.029
4.1 0.0 2.0 1.1 0.0 1.6 1.9 0.5 -5.2 -4.5 2.279
0.2 0.0 0.0 0.0 0.0 0.2 0.0 1.0 0.3 0.0 2.119
0.1 0.0 2.4 5.6 0.7 8.2 6.1 4.5 0.8 1.2 2.439
0.6 0.0 1.3 0.0 0.7 1.4 1.3 1.3 0.1 1.1 3.146
0.0 0.0 0.0 0.0 0.0 0.0 0.0 0.0 0.3 0.7 3.31
0.0 0.0 0.0 0.0 0.0 0.0 0.0 0.0 0.0 0.6 3.219
0.2 0.0 0.0 0.0 0.1 0.4 0.1 0.0 -2.1 -0.9 3.077
0.0 0.0 0.0 0.0 0.0 0.0 0.0 0.0 -1.1 0.3 2.78
0.0 0.0 0.0 0.0 0.0 0.0 0.0 0.0 -1.8 -4.8 2.04
0.0 0.0 0.0 0.0 0.0 0.0 0.0 0.0 -0.8 -5.0 2.01
0.0 0.0 0.0 0.0 0.0 0.0 0.0 0.0 -3.8 -6.6 1.77
0.0 0.0 0.0 0.0 0.0 0.0 0.0 0.0 -6.7 -8.8 1.38
0.0 0.0 0.0 0.0 0.0 0.0 0.0 0.4 -6.2 -7.3 1.8
0.0 0.0 0.0 0.0 0.0 0.0 0.0 0.0 -3.0 -4.3 1.77
0.0 0.0 0.0 0.0 0.0 0.0 0.0 0.0 -6.0 -3.6 1.6
0.0 0.0 0.0 0.0 0.0 0.0 0.0 0.0 -4.1 -4.4 1.53
0.0 0.0 0.0 0.0 0.0 0.0 0.0 0.0 -5.2 -5.0 1.59
8.6 9.7 9.6 10.4 8.8 10.7 8.5 9.0 -4.6 -3.7 1.53
4.1 0.9 3.0 5.5 2.6 0.2 2.8 2.5 -1.7 -1.1 1.59
0.5 0.5 0.3 0.0 0.1 0.0 0.0 0.5 -5.0 -3.4 1.53
11.2 9.1 2.9 9.6 7.0 8.2 9.1 7.0 -1.7 -1.3 1.55
2.4 5.0 9.0 0.0 0.3 0.0 0.3 0.3 0.6 2.5 1.332
0.0 0.0 0.0 0.0 0.0 0.0 0.0 0.0 -12.2 -8.6 1.41
0.0 0.0 0.0 0.0 0.0 0.0 0.0 0.0 -15.4 -14.4 1.68
0.0 0.0 0.0 0.0 0.0 0.0 0.0 0.0 -12.5 -14.6 1.81
0.0 0.0 0.0 0.0 0.0 0.0 0.0 0.0 -9.4 -8.5 1.82
0.0 0.0 0.0 0.0 0.0 0.0 0.0 0.0 -8.0 -7.8 1.77
0.0 0.0 0.0 0.0 0.0 0.0 0.0 0.0 -7.3 -7.3 1.65
0.0 0.0 0.0 0.0 0.0 0.0 0.0 0.0 -8.0 -8.5 1.64
0.0 0.0 0.0 0.0 0.0 0.0 0.0 0.0 -7.9 -10.8 1.55
0.0 0.0 0.0 0.0 0.0 0.0 0.0 0.0 -9.5 -11.9 1.291
0.0 0.0 0.0 0.0 0.0 0.0 0.0 0.0 -5.9 -5.2 1.18
0.0 0.0 0.0 0.0 0.0 0.0 0.0 0.0 -4.8 -4.7 1.175
0.0 0.0 0.0 0.0 0.0 0.0 0.0 0.0 -7.8 -6.8 1.156
0.0 0.0 0.0 2.2 0.0 0.1 0.0 0.0 -5.8 -4.5 1.109
0.5 0.0 0.4 0.0 0.2 1.4 0.4 0.1 -4.8 -4.0 1.126
0.0 0.0 0.0 0.0 0.0 0.0 0.0 0.0 -10.2 -10.3 1.173
3.7 0.4 4.1 8.9 3.8 3.7 4.0 3.8 -11.4 -12.2 1.175
7.7 15.3 15.8 8.1 10.6 8.2 10.9 13.6 -1.9 -1.2 1.175
6.2 4.1 3.2 1.6 1.0 2.0 2.5 1.3 0.7 2.2 1.19
3.9 2.8 6.5 3.7 2.2 1.8 3.5 2.5 -1.3 -0.1 1.238
2.2 0.0 1.7 3.1 0.4 1.2 0.7 0.0 -0.4 -0.1 1.286
0.9 0.0 0.0 0.0 0.0 0.0 0.0 0.0 -0.7 -2.0 1.63
0.0 0.0 0.0 0.0 0.0 0.0 0.0 0.0 -1.9 -2.6 2.49
0.1 0.0 0.0 0.0 0.0 0.0 0.0 0.0 -1.0 -0.9 2.77
0.0 0.0 0.0 0.0 0.0 0.0 0.0 0.0 -3.2 -3.4 2.57
10.0 9.6 9.1 4.4 4.5 7.4 6.3 5.5 -1.7 -1.2 2.3
7.3 10.1 8.7 8.7 6.0 7.7 6.5 6.2 0.2 0.4 2.02
1.1 1.0 0.5 0.0 0.7 0.2 0.4 2.3 1.4 2.9 2.056
0.2 0.8 0.0 0.0 0.0 0.0 0.0 0.0 2.0 1.8 2.202
0.0 0.0 0.0 0.0 0.0 0.0 0.0 0.0 3.4 2.6 2.423
0.0 0.0 0.0 0.0 0.0 0.0 0.0 0.0 4.4 3.2 3.804
0.0 0.0 0.0 0.0 0.0 0.0 0.0 0.0 1.3 1.6 6.623
0.0 0.0 0.0 0.0 0.0 0.0 0.0 0.0 -0.1 0.4 6.558
0.0 0.3 0.0 0.0 0.0 0.0 0.0 0.0 -2.1 -1.3 7.276
0.0 0.0 0.0 0.0 0.0 0.0 0.0 0.0 -1.9 -0.8 7.192
0.0 0.0 0.0 0.0 0.0 0.0 0.0 0.0 -2.9 -2.7 6.46
0.0 0.0 0.4 1.1 0.0 0.1 0.0 1.0 -4.5 -3.2 5.037
0.6 0.1 0.0 0.0 0.0 0.0 0.0 0.0 -4.8 -3.0 3.461
0.5 0.9 1.0 0.8 0.4 0.1 0.4 1.3 -3.5 -3.1 1.933
2.4 2.2 1.7 0.0 1.0 0.1 0.3 0.2 -2.2 -1.3 1.794
0.3 1.4 0.1 0.0 0.0 0.4 0.1 0.2 -3.5 -3.0 2.076
4.1 2.0 3.3 4.4 4.1 4.5 5.4 3.4 -1.6 -1.0 1.557
0.0 0.0 0.0 2.3 0.2 0.4 0.0 1.8 -1.7 -1.6 1.353
0.7 0.0 0.1 0.0 0.0 0.0 0.0 0.0 -3.2 -2.5 1.317
0.4 0.5 1.0 0.0 1.4 1.8 2.2 1.0 -0.8 -0.1 1.449
0.2 0.2 0.1 1.6 0.0 0.0 0.0 0.0 -1.2 -2.3 1.449
1.6 2.9 1.9 2.3 0.7 0.2 1.5 0.5 -3.3 -3.8 1.709
13.6 12.9 13.7 8.4 8.8 7.3 12.4 9.1 -0.9 0.3 2.049
3.8 1.6 2.3 3.2 2.0 3.9 1.8 3.4 1.5 2.2 2.051
2.7 8.4 4.1 14.9 6.2 9.0 4.8 8.5 2.1 2.4 3.569
1.5 0.5 0.1 0.0 0.5 0.0 0.1 2.5 -4.7 -4.0 8.5
0.2 0.5 0.9 2.3 1.0 0.1 0.5 0.1 -4.8 -4.0 10.9
0.5 0.4 1.6 2.7 1.5 0.0 0.4 4.0 -2.8 -1.7 8.9
0.0 0.0 0.0 0.0 0.0 0.0 0.0 0.0 -1.8 -0.4 6.7
0.1 0.0 0.1 0.0 0.0 0.1 0.0 0.0 0.8 2.3 5.55
0.1 1.0 0.9 0.0 0.6 0.7 1.2 0.2 0.2 2.1 4.6
0.0 0.0 0.0 0.0 0.0 0.0 0.0 0.0 0.7 1.7 4.45
0.0 0.0 0.0 0.0 0.0 0.0 0.0 0.0 0.0 0.4 4.45
0.0 0.0 0.0 0.0 0.0 0.0 0.0 0.0 -0.4 1.1 4.28
0.2 0.9 0.1 0.0 0.0 0.8 0.0 0.0 1.3 2.1 4.46
0.2 0.2 0.3 0.8 1.2 1.2 1.0 2.5 1.0 0.2 5.05
0.0 0.0 0.3 0.0 0.0 0.1 0.0 0.0 0.7 0.0 7.23
0.1 0.0 0.1 1.7 0.4 0.8 0.0 1.0 1.9 2.0 8.97
2.2 0.9 2.5 3.3 0.8 2.0 1.4 1.0 2.3 3.4 10.112
8.9 10.8 12.3 7.1 8.1 5.6 8.9 7.5 5.2 6.4 16.892
1.2 1.0 0.7 0.6 0.6 0.0 0.8 0.5 9.1 8.1 22.869
8.1 13.8 10.4 15.1 12.1 13.8 12.3 23.0 6.8 5.6 51.915
2.2 0.0 1.8 4.6 3.1 5.6 3.0 1.0 7.5 7.4 78.427
6.6 6.8 5.7 2.9 3.7 2.2 5.8 8.0 8.2 9.3 101.718
4.5 3.5 0.0 2.5 1.1 3.1 1.2 2.5 8.5 10.2 107.627
2.4 3.1 5.4 1.5 2.1 2.4 3.1 1.0 9.6 10.9 108.619
3.4 0.0 1.9 1.5 1.4 0.5 1.3 2.0 10.5 11.0 101.619
0.3 0.0 0.3 1.7 0.5 0.0 0.9 2.5 8.2 9.4 95.719
1.4 1.1 2.0 6.3 1.0 3.3 2.1 2.6 4.5 4.8 86.613
0.0 0.0 0.0 0.0 0.1 0.0 0.0 0.0 4.0 4.7 59.94
0.0 0.0 0.2 0.0 0.0 0.0 0.0 0.0 4.5 5.8 37.165
0.0 0.0 0.0 0.0 0.0 0.0 0.0 0.0 4.9 6.4 27.083
0.0 0.0 0.0 0.0 0.0 0.0 0.0 0.0 8.3 9.8 21.343
5.7 6.9 6.6 5.8 4.7 4.0 6.4 5.3 7.2 7.6 17.04
6.3 2.9 1.8 4.6 2.0 4.7 3.6 7.6 3.5 5.5 14.64
0.0 0.0 0.0 0.0 0.0 0.0 0.0 0.0 5.4 7.1 11.74
0.0 0.1 0.0 0.0 0.0 0.0 0.0 0.0 4.7 6.3 12.24
3.9 0.6 1.5 1.3 1.3 0.9 2.6 1.0 6.9 8.2 14.04
2.3 4.2 7.1 2.1 1.8 1.5 4.4 3.5 7.0 8.4 12.643
0.0 0.7 0.5 0.0 0.3 0.0 0.1 0.0 8.8 9.1 11.376
7.1 2.1 3.5 4.2 0.4 1.5 0.9 2.5 10.5 12.1 10.272
0.4 2.4 1.9 3.9 6.2 5.0 6.0 7.3 10.7 11.4 8.448
0.2 0.0 0.1 1.4 0.1 1.7 1.9 3.0 9.7 10.4 7.371
0.0 0.0 0.0 0.0 0.0 0.0 0.0 0.0 11.7 12.4 9.161
0.0 0.0 0.0 0.0 0.0 0.0 0.0 0.0 12.9 13.9 8.991
0.0 0.0 0.0 0.0 0.0 0.0 0.0 0.0 14.1 14.7 8.331
0.0 0.0 0.0 1.1 0.0 0.1 0.0 0.0 15.4 15.4 8.061
0.9 2.6 4.6 4.2 5.3 5.9 3.3 7.0 11.9 12.9 7.321
0.0 0.0 0.0 0.0 0.0 0.0 0.0 0.0 13.9 14.2 5.921
0.0 0.0 0.0 0.0 0.0 0.0 0.0 0.0 17.6 17.2 5.701
18.8 0.7 1.9 0.0 0.0 0.0 0.0 0.8 16.9 17.9 5.701
0.0 0.0 0.0 0.0 0.0 0.0 0.0 0.0 16.3 17.7 5.698
12.9 10.3 10.7 10.4 10.1 11.7 11.8 5.2 10.6 11.0 5.502
0.5 2.2 0.6 0.7 0.6 0.3 0.8 1.5 6.6 9.3 5.51
7.6 2.6 3.8 2.4 2.3 5.0 3.6 1.3 5.8 7.0 6.032
0.0 0.0 0.0 0.0 0.0 0.0 0.0 0.0 8.7 10.8 6.41
0.0 0.0 1.6 0.6 1.9 0.0 0.1 0.0 12.0 14.2 5.62
0.0 0.0 0.0 0.0 0.0 0.0 0.0 0.0 15.0 14.4 5.509
0.2 0.0 0.3 0.0 0.0 0.0 0.0 0.0 14.7 15.4 5.659
0.0 0.0 0.0 0.0 0.0 0.0 0.0 0.0 16.9 15.4 5.456
0.0 0.0 0.0 0.0 0.0 0.0 0.0 0.0 16.5 15.5 4.56
0.1 0.0 0.0 0.0 0.0 0.0 0.0 0.0 15.9 15.6 3.783
0.0 0.0 0.0 0.0 0.0 0.0 0.0 0.0 16.2 14.8 2.243
0.0 0.0 0.1 0.0 0.0 1.9 0.0 0.5 16.3 17.1 2.47
0.0 0.0 0.0 0.0 0.0 0.0 0.0 0.0 14.1 14.9 2.808
0.0 0.0 0.0 0.0 0.0 0.0 0.0 0.0 14.3 16.1 2.638
0.0 0.0 0.0 0.0 0.0 0.0 0.0 0.0 16.4 15.9 2.352
4.2 1.0 0.4 0.7 1.6 0.8 0.2 0.3 14.7 14.9 2.239
0.0 0.6 0.0 1.8 0.0 0.0 0.0 0.4 13.4 14.4 2.189
0.0 0.0 0.0 0.0 0.0 0.0 0.0 0.0 14.4 15.4 2.151
1.0 1.0 6.3 6.3 9.7 6.5 7.2 3.0 15.9 16.7 2.25
0.7 0.4 4.8 4.2 0.8 4.3 5.7 5.0 14.5 16.0 2.259
9.6 12.8 10.3 11.2 11.0 11.6 10.0 11.0 15.7 16.3 2.262
0.3 0.0 2.1 0.0 15.0 0.0 0.5 0.0 13.2 15.9 1.85
4.7 3.4 3.0 4.6 26.0 2.2 2.4 3.0 13.0 15.1 2.061
0.0 0.0 0.1 0.0 0.0 0.0 0.0 0.0 12.8 15.2 2.811
1.2 0.0 0.9 5.2 6.1 1.7 1.7 3.8 18.8 18.5 2.911
0.0 0.0 0.0 0.0 0.0 0.0 0.0 0.0 13.8 15.7 2.831
0.0 0.0 0.0 0.0 0.1 0.0 0.0 0.0 11.9 13.8 2.811
1.1 1.7 1.0 0.7 1.2 0.0 0.6 0.0 12.0 13.0 2.401
11.4 8.4 7.2 7.6 6.7 9.3 9.1 8.9 11.2 12.4 2.171
3.8 8.8 5.8 15.5 10.8 12.8 10.4 14.0 12.3 14.2 2.101
1.8 2.5 2.3 0.5 1.0 0.3 2.5 0.6 13.1 14.9 2.271
3.9 4.2 4.4 5.4 3.6 5.0 4.4 7.5 10.8 13.0 2.621
3.7 0.0 1.4 0.7 0.7 0.8 0.2 0.5 9.0 10.4 3.161
1.2 2.4 3.5 0.6 0.9 1.1 2.8 0.7 8.2 10.0 3.371
1.1 0.0 0.3 0.0 0.0 0.4 0.3 0.3 7.1 10.3 3.171
0.0 0.0 0.0 0.0 0.0 1.0 0.0 0.0 13.1 14.6 3.041
1.5 0.6 1.2 2.3 0.7 0.5 1.4 2.0 13.8 14.1 2.831
0.4 0.0 0.0 0.0 0.0 0.0 0.1 0.0 9.4 11.2 2.54
0.0 0.0 0.0 0.0 0.0 0.0 0.0 0.0 8.3 9.8 2.312
0.9 4.7 0.3 0.0 0.2 0.0 0.0 0.5 9.9 12.3 1.97
0.4 0.0 0.8 0.0 6.2 0.3 0.0 0.4 11.1 13.0 1.47
0.0 0.0 0.1 0.0 0.0 0.0 0.0 0.0 13.1 14.2 1.42
0.0 0.0 0.0 3.1 1.7 0.1 4.2 0.0 16.2 16.0 1.509
0.0 0.0 0.0 0.0 0.0 0.0 0.0 0.0 15.1 17.3 1.571
0.0 0.0 0.0 0.0 0.0 0.0 0.0 0.0 18.3 19.5 1.499
0.0 0.0 0.0 0.0 0.0 0.0 0.0 0.0 20.8 22.9 1.429
0.0 0.0 0.0 0.0 0.0 0.0 0.0 0.0 22.0 22.6 1.361
0.0 0.0 0.0 0.0 0.0 0.0 0.0 0.0 22.2 22.8 1.306
0.0 0.0 0.0 0.0 0.0 0.0 0.0 0.0 22.4 24.9 1.267
8.3 6.8 7.2 5.8 19.7 1.5 3.6 9.5 21.7 23.5 1.266
0.0 0.0 0.0 0.0 0.3 0.1 0.0 0.5 18.8 20.5 1.236
0.0 0.0 0.0 0.0 0.0 0.0 0.0 0.0 17.7 20.5 1.163
4.9 0.7 7.6 8.4 11.2 1.5 9.0 3.5 22.8 23.5 1.19
0.0 0.0 0.0 0.0 0.0 0.0 0.0 0.0 22.2 24.9 1.262
17.9 18.3 28.5 18.8 24.7 25.5 25.2 23.0 23.4 24.5 1.239
4.5 1.7 0.4 0.0 0.0 5.5 0.0 0.0 21.8 24.6 1.263
0.0 0.0 0.0 0.0 0.0 0.0 0.0 0.0 19.4 21.8 1.831
0.0 0.0 0.0 0.0 0.0 0.0 0.0 0.0 21.9 24.1 2.451
0.0 0.5 0.0 0.0 0.4 0.0 0.0 0.0 25.4 24.7 1.603
0.0 0.0 0.0 0.0 0.0 0.0 0.0 0.0 23.8 24.8 1.792
0.2 3.8 2.1 1.8 0.7 1.3 0.8 4.6 20.5 24.2 1.474
1.9 0.0 0.0 0.9 0.2 0.4 0.0 1.4 18.0 20.2 1.338
4.8 17.6 8.2 21.2 0.0 11.4 6.4 26.4 20.8 22.1 1.322
13.4 10.3 12.1 15.5 4.1 14.6 15.1 11.0 15.4 16.5 1.25
0.0 0.0 0.0 0.0 0.0 0.0 0.0 0.0 18.6 15.4 1.566
0.0 0.0 0.0 0.0 0.0 0.0 0.0 0.0 19.4 19.7 2.306
0.0 0.0 0.0 0.0 0.0 0.0 0.0 0.0 20.4 21.3 2.545
0.0 0.0 0.0 0.0 0.0 0.0 0.0 0.0 21.4 22.6 2.176
0.0 0.0 0.0 0.0 0.0 0.0 0.0 0.0 22.4 23.4 1.584
0.0 0.0 0.0 0.0 0.0 0.0 0.0 0.0 23.3 24.1 1.053
0.0 0.0 0.0 0.0 0.0 0.0 0.1 0.0 23.1 23.7 1.008
0.0 0.0 0.1 0.0 0.0 0.0 4.5 0.0 21.8 22.8 0.885
0.0 0.0 0.0 1.1 3.3 2.1 0.4 3.4 21.0 22.0 0.699
0.0 0.0 0.0 0.0 0.0 0.0 0.0 0.0 23.0 24.2 0.507
0.0 0.0 0.0 0.0 0.0 0.0 0.0 0.0 24.5 24.6 0.557
0.2 0.7 7.4 1.3 0.0 1.2 7.0 26.0 22.5 22.3 0.597
3.1 3.7 1.1 0.5 0.0 0.3 0.7 0.0 20.2 21.1 0.693
3.6 1.3 0.4 3.8 3.2 4.9 0.9 4.5 20.4 21.0 0.778
0.0 0.0 0.0 0.0 0.0 0.0 0.0 0.0 19.1 19.6 1.082
0.0 0.0 0.0 0.0 0.0 0.0 0.0 0.0 17.5 18.5 1.253
0.0 0.0 0.0 0.0 0.0 0.0 0.0 0.0 20.9 20.2 1.237
0.0 0.0 0.0 0.0 0.0 0.0 0.0 0.0 21.4 24.1 1.173
0.0 0.0 0.0 0.0 0.0 0.0 0.0 0.0 24.2 26.3 0.99
0.0 0.0 0.0 0.0 0.0 0.0 0.0 0.0 26.1 27.2 0.881
0.0 1.8 0.0 0.0 0.0 0.0 0.0 0.0 24.5 25.5 0.688
0.0 0.0 0.0 0.0 0.0 0.0 0.0 0.0 25.1 26.5 0.556
5.4 0.0 10.3 0.0 17.5 4.7 8.8 4.0 25.8 24.1 0.471
0.7 0.0 0.5 0.0 0.0 0.4 1.5 0.0 22.2 24.0 0.394
0.0 0.0 0.0 0.0 0.0 0.0 0.0 0.0 24.5 25.9 0.395
0.0 0.0 0.0 0.0 0.0 0.0 0.0 0.0 25.0 26.8 0.441
0.0 0.0 0.0 0.0 0.0 0.0 0.0 0.0 27.2 28.0 0.465
0.5 2.0 1.2 0.8 3.0 0.0 0.1 4.0 26.3 24.5 0.506
2.2 0.0 0.1 0.0 0.0 0.0 0.0 0.0 22.6 23.2 0.4
0.0 0.7 0.3 0.0 0.2 1.0 0.1 0.7 22.4 23.8 0.423
0.2 0.1 0.2 1.2 0.4 2.4 0.1 0.0 22.0 23.5 0.388
1.4 0.2 1.8 0.0 2.0 0.0 3.1 1.8 20.0 20.9 0.39
0.0 0.0 0.0 0.0 2.8 0.0 0.0 0.0 17.5 17.4 0.325
7.5 5.2 4.4 8.5 8.6 11.5 9.8 6.5 14.7 15.2 0.307
25.3 11.9 14.2 9.3 12.5 17.2 17.2 6.3 14.1 15.9 0.292
3.9 0.8 2.5 1.6 1.1 1.2 3.5 4.0 14.7 16.2 0.364
14.2 9.8 12.2 13.1 9.0 7.6 17.4 18.0 16.2 17.4 0.359
18.4 11.0 14.5 39.2 20.4 33.0 21.3 40.0 16.8 17.8 0.502
1.5 1.8 2.7 4.8 3.4 6.3 4.7 2.5 16.9 18.1 1.716
0.0 0.0 0.0 0.0 0.5 0.0 0.0 0.0 17.8 17.2 3.89
4.9 0.2 0.2 0.0 0.0 0.2 1.2 1.7 16.7 17.3 3.656
0.2 0.8 0.5 0.0 0.0 0.0 0.0 0.0 14.9 15.4 2.669
6.5 1.7 2.4 1.1 0.9 2.0 2.2 0.6 13.6 14.9 1.389
0.2 0.0 0.2 0.5 0.1 0.1 0.2 0.0 14.2 14.2 1.2
1.7 7.4 0.6 2.2 0.2 1.0 0.8 0.0 14.9 16.0 0.913
7.7 0.0 6.9 2.3 3.5 3.0 4.2 2.5 14.8 16.2 0.832
0.0 0.0 0.0 0.0 0.0 0.0 0.0 0.0 20.0 18.9 0.697
0.0 0.0 0.0 0.0 0.0 0.0 0.0 0.0 22.7 22.3 0.66
0.0 0.0 0.0 0.0 0.0 0.0 0.0 0.0 20.3 21.3 0.696
0.0 0.2 0.1 0.0 0.0 0.0 0.0 0.0 21.0 19.3 0.691
0.0 0.0 0.0 0.0 0.0 0.0 0.0 0.0 18.1 17.4 0.69
1.5 9.7 0.8 4.1 0.0 0.0 0.0 0.0 16.7 15.9 0.71
6.7 10.5 6.9 7.3 7.8 12.3 9.6 5.6 14.3 15.3 0.667
0.0 0.0 0.0 0.0 0.0 0.5 0.0 0.0 14.3 15.6 0.692
3.7 5.2 5.1 0.0 2.9 1.2 3.0 5.0 16.2 15.3 0.601
3.3 2.4 3.9 0.0 3.0 3.7 4.7 4.0 15.0 16.2 0.537
1.8 4.0 4.0 4.1 3.7 1.5 4.0 4.5 14.6 15.4 0.628
6.5 2.8 2.1 17.9 2.6 12.8 2.8 3.8 14.7 14.3 0.757
13.0 14.6 20.0 18.8 19.3 20.0 21.4 18.5 14.3 14.8 0.868
1.6 2.5 1.7 4.8 0.3 3.3 1.0 5.5 10.5 10.8 0.993
2.9 6.3 3.1 7.2 6.6 9.2 6.1 3.5 11.7 12.1 1.654
0.2 0.0 0.2 0.0 0.0 0.1 0.0 0.0 12.2 12.3 3.013
0.0 0.0 0.0 0.0 0.0 0.0 0.0 0.0 14.4 15.4 3.23
1.1 2.9 0.7 0.0 0.1 0.8 0.1 0.4 19.0 19.4 2.68
8.3 2.5 2.6 2.6 1.2 2.8 1.0 3.0 17.7 19.1 2.28
0.0 0.0 0.0 0.0 0.1 0.0 0.0 0.0 20.1 20.8 1.83
0.2 0.0 0.1 0.0 0.0 0.0 0.0 0.0 15.6 15.7 1.41
0.1 0.0 0.1 0.0 0.0 0.0 0.0 0.0 16.2 16.5 1.34
0.1 0.0 0.0 0.0 3.2 1.6 3.1 2.2 21.4 21.0 1.176
0.0 0.0 0.0 0.0 0.0 0.0 0.0 0.0 13.3 13.4 1.092
0.0 0.0 0.0 0.0 0.0 0.0 0.0 0.0 12.7 11.9 1.011
0.0 0.0 0.0 0.0 0.0 0.0 0.0 0.0 16.2 15.0 0.984
0.0 0.0 0.0 0.0 0.0 0.0 0.0 0.0 17.7 16.4 0.953
0.0 0.0 0.0 0.0 0.0 0.0 0.0 0.0 18.7 16.9 0.869
0.0 0.0 0.0 0.0 0.0 0.0 0.0 0.0 18.6 16.6 0.569
0.0 0.0 0.0 0.0 0.0 0.0 0.0 0.0 19.4 19.0 0.546
0.0 0.0 0.0 0.7 0.0 0.0 0.0 0.0 20.9 21.1 0.562
0.0 0.0 0.0 0.0 0.0 0.0 0.0 0.0 19.8 19.3 0.67
0.0 0.0 0.0 0.0 0.0 0.0 0.0 0.0 19.7 19.1 0.766
0.0 0.0 0.0 0.0 0.0 0.0 0.0 0.0 17.1 16.2 0.589
0.0 0.0 0.0 0.0 0.7 1.7 0.0 0.0 16.9 17.2 0.52
0.0 0.0 0.0 0.0 0.0 0.0 0.0 0.0 14.0 13.3 0.459
0.0 0.0 0.0 0.0 0.0 0.0 0.0 0.0 16.8 14.3 0.358
0.0 0.0 0.0 0.0 0.0 0.0 0.0 0.0 17.3 16.7 0.345
0.0 0.0 0.0 0.0 0.0 0.0 0.0 0.0 17.5 16.6 0.438
0.0 0.0 0.0 0.0 0.0 0.0 0.0 0.0 19.1 17.5 0.416
0.0 0.0 0.0 0.0 0.0 0.0 0.0 0.0 19.2 18.3 0.394
0.0 0.0 0.0 0.0 0.0 0.0 0.0 0.0 19.0 16.8 0.374
0.0 0.0 0.0 0.0 0.0 0.0 0.0 0.0 15.7 15.3 0.315
0.0 0.0 0.0 0.0 0.0 0.0 0.0 0.0 15.0 15.0 0.264
0.0 0.0 0.0 0.0 0.0 0.0 0.0 0.0 15.6 13.3 0.272
0.0 0.0 0.0 0.0 0.0 0.0 0.0 0.0 16.9 15.0 0.261
4.5 0.0 1.6 0.0 0.2 1.5 0.3 1.0 14.0 13.1 0.334
5.2 6.4 3.4 2.5 1.4 2.0 1.2 1.0 14.2 15.7 0.391
7.5 7.8 7.2 7.7 6.3 8.3 8.4 7.1 15.0 15.5 0.633
0.1 0.2 0.3 0.0 0.1 0.0 0.1 4.4 11.3 12.6 0.929
1.6 2.6 0.7 1.9 2.8 0.3 2.8 0.3 10.4 11.3 1.091
0.0 0.3 0.0 0.0 0.0 0.0 0.0 0.0 11.0 11.3 1.198
0.2 1.7 0.9 1.1 1.2 0.4 1.3 1.1 11.3 12.1 1.351
0.0 0.0 0.0 0.0 0.0 0.0 0.0 0.0 9.8 9.2 1.306
0.0 0.0 0.0 0.0 0.0 0.0 0.0 0.0 12.2 10.7 1.207
0.0 0.0 0.0 0.0 0.0 0.0 0.0 0.0 13.4 11.7 2.548
0.0 0.0 0.0 0.0 0.0 0.0 0.0 0.0 15.5 14.0 3.6
0.0 0.0 0.0 0.0 0.0 0.0 0.0 0.0 12.7 10.3 3.561
0.0 0.0 0.0 0.0 0.0 0.0 0.0 0.0 12.6 12.2 3.448
0.0 0.0 0.0 0.0 0.0 0.0 0.0 0.0 11.9 12.2 3.399
0.0 0.0 0.0 0.0 0.0 0.0 0.0 0.0 7.7 7.7 3.099
0.0 0.0 0.0 0.0 0.0 0.0 0.0 0.0 8.8 7.4 2.05
0.0 0.0 0.0 0.0 0.0 0.0 0.0 0.0 7.5 5.9 1.3
0.0 0.0 0.0 0.0 0.0 0.0 0.0 0.0 8.3 5.9 0.872
0.0 0.0 0.0 0.0 0.0 0.0 0.0 0.0 10.0 10.8 0.72
0.0 0.0 0.0 0.0 0.0 0.0 0.0 0.0 9.4 7.7 0.507
0.8 0.4 0.6 0.0 1.0 0.0 1.0 1.8 11.2 9.4 0.191
0.0 0.0 0.0 0.0 0.0 0.0 0.0 0.0 13.7 13.0 0.176
0.2 0.0 0.3 1.3 0.8 2.0 0.3 0.0 14.5 15.1 0.155
2.3 2.3 1.9 1.6 1.4 0.3 2.4 2.7 13.4 13.6 0.169
0.0 0.0 0.0 0.0 0.0 0.0 0.0 0.0 11.7 10.0 0.264
0.0 0.0 0.0 0.0 0.2 0.0 0.0 0.0 14.3 12.9 0.304
0.3 1.0 0.9 8.6 1.9 2.6 2.1 2.8 14.2 14.8 0.339
10.2 12.8 12.6 7.9 9.5 0.0 11.2 7.0 10.1 11.4 0.353
10.4 12.5 8.4 4.2 10.8 8.7 13.5 10.5 10.5 11.8 0.408
0.0 0.0 0.0 0.0 0.0 0.0 0.0 0.0 4.3 5.5 0.458
1.5 3.8 3.0 0.9 0.2 0.4 0.3 0.2 6.9 8.0 0.435
2.8 0.1 1.5 0.0 0.2 0.1 0.4 0.1 4.3 5.3 0.842
0.5 0.7 1.1 0.0 0.5 0.6 3.1 0.1 -1.3 -0.1 1.047
0.3 0.4 1.7 2.2 0.1 3.3 0.0 0.0 -2.6 -1.0 1.246
9.7 5.4 7.5 6.3 4.8 5.8 3.9 5.2 1.3 3.0 1.522
13.1 12.8 19.7 9.2 9.8 3.5 11.2 7.5 7.3 8.3 1.451
0.6 0.0 0.5 0.0 0.0 2.2 0.1 0.0 8.7 9.6 1.522
0.0 0.0 0.0 0.0 0.0 0.0 0.0 0.0 5.4 4.9 3.304
3.1 3.6 2.3 0.0 0.3 0.0 0.4 0.0 6.6 6.5 4.845
9.5 6.3 10.6 6.8 6.5 5.3 8.5 5.2 6.9 7.6 3.783
0.0 0.0 0.1 0.0 0.0 0.0 0.0 0.0 4.5 4.4 2.765
6.6 3.3 3.8 4.3 3.3 3.1 4.1 4.2 4.1 5.4 2.361
8.1 2.0 4.2 1.9 1.3 0.6 3.2 1.2 4.6 5.5 2.501
8.1 4.2 6.6 4.5 3.0 3.8 4.1 2.5 5.5 6.3 2.543
0.7 0.0 0.5 0.9 0.0 0.0 0.0 0.0 9.8 10.8 2.194
0.0 0.0 0.0 0.0 0.0 0.0 0.0 0.0 10.5 9.6 2.807
0.0 0.0 0.0 0.0 0.0 0.0 0.0 0.0 10.6 9.9 4.85
0.0 0.0 0.0 0.0 0.0 0.0 0.0 0.0 9.0 9.4 5.459
0.0 0.0 0.0 0.0 0.1 0.0 0.1 0.0 8.7 8.4 4.454
0.2 0.9 0.7 0.9 0.5 0.3 0.9 1.6 9.1 8.8 2.813
0.0 0.0 0.0 0.0 0.0 0.0 0.1 0.0 5.0 5.3 1.953
0.1 0.5 0.2 0.0 0.1 0.0 0.2 0.0 5.2 5.1 1.96
0.3 0.0 0.2 0.0 0.3 0.1 0.2 0.0 5.7 6.0 1.91
0.0 0.0 0.0 0.0 0.0 0.0 0.0 0.0 4.8 6.6 1.46
0.0 0.0 0.0 0.0 0.0 0.0 0.0 0.0 7.9 8.6 0.981
0.0 0.0 0.0 0.0 0.0 0.0 0.0 0.0 9.0 9.5 1.167
0.0 0.0 0.0 0.0 0.0 0.0 0.0 0.0 9.9 10.1 1.257
0.0 0.0 0.0 0.0 0.0 0.0 0.0 0.0 9.3 10.0 1.32
0.0 0.0 0.0 0.0 0.0 0.0 0.0 0.0 8.7 9.2 1.33
0.0 0.0 0.0 0.0 0.0 0.0 0.0 0.0 7.0 7.9 1.32
0.0 0.0 0.0 0.0 0.0 0.0 0.0 0.0 7.0 7.9 1.231
0.0 0.0 0.0 0.0 0.0 0.0 0.0 0.0 5.6 5.6 1.227
0.0 0.0 0.0 0.0 0.0 0.0 0.0 0.0 4.1 4.7 1.165
3.2 3.5 3.4 1.6 1.2 1.7 2.0 1.0 3.8 3.8 1.121
3.3 3.2 2.0 0.7 0.9 0.2 1.5 0.8 5.8 6.9 1.125
2.9 1.1 1.6 1.4 0.5 0.5 0.9 0.2 8.1 9.4 1.132
0.8 2.4 1.3 0.7 0.5 0.0 0.6 0.0 8.0 8.5 1.216
0.0 0.0 0.1 0.0 0.0 0.0 0.0 0.0 7.0 6.7 1.316
0.0 0.0 0.0 0.0 0.0 0.0 0.0 0.0 7.3 7.3 1.341
14.6 10.2 10.6 9.1 6.9 6.6 8.4 7.5 6.9 5.7 1.349
0.3 0.0 0.0 0.0 0.0 0.0 0.0 0.0 4.1 4.7 1.372
4.1 3.3 3.4 0.0 0.5 0.7 1.8 2.4 1.4 1.0 1.46
2.8 3.5 4.0 3.4 2.1 1.8 3.1 0.4 2.8 4.2 2.081
0.5 0.4 0.6 1.2 1.1 1.2 0.8 0.7 3.4 4.8 2.501
0.0 0.0 0.0 0.0 0.0 0.0 0.0 0.0 5.6 3.1 2.635
0.0 0.0 0.0 0.0 0.0 0.0 0.0 0.0 2.4 1.0 4.333
1.3 0.4 0.6 1.6 0.4 0.6 0.6 2.5 1.4 1.0 4.265
0.3 0.8 2.2 0.7 0.3 0.5 1.0 0.4 2.2 2.7 3.406
0.0 0.0 0.1 0.0 0.0 0.0 0.0 0.0 0.6 1.7 2.802
0.0 0.0 0.0 0.0 0.0 0.0 0.0 0.0 -0.3 -0.6 2.523
0.2 0.1 0.3 0.9 0.2 0.0 0.3 0.0 1.9 2.8 2.348
0.0 0.0 0.0 0.0 0.0 0.0 0.0 0.0 2.6 1.3 1.872
0.0 0.0 0.0 0.0 0.0 0.0 0.0 0.0 0.7 1.6 1.499
0.0 0.0 0.0 0.0 0.0 0.0 0.0 0.0 1.8 3.0 1.669
0.0 0.0 0.0 0.0 0.0 0.0 0.0 0.0 -0.3 0.8 1.729
0.0 0.0 0.0 0.0 0.0 0.0 0.0 0.0 0.9 2.4 1.699
0.0 0.0 0.0 0.0 0.0 0.0 0.0 0.0 0.2 -0.2 1.769
0.0 0.0 0.0 0.0 0.0 0.0 0.0 0.0 -5.3 -3.4 1.689
3.4 4.2 3.3 4.1 2.6 3.0 3.7 4.8 -3.4 -2.4 1.649
0.0 0.0 0.0 1.1 0.0 0.1 0.0 0.0 0.3 0.9 1.609
2.5 0.8 1.7 0.0 1.4 1.0 2.2 1.7 -0.6 -0.3 1.609
8.6 6.0 5.7 0.0 4.1 4.5 5.2 6.0 4.0 5.6 1.599
9.6 0.9 4.5 1.4 4.8 1.6 4.6 2.5 5.4 7.1 1.609
1.8 3.4 2.0 0.0 0.5 0.4 0.7 1.6 1.2 2.5 1.841
2.3 1.4 2.2 1.2 1.5 1.0 1.2 1.0 2.5 3.4 3.189
5.2 1.6 3.0 0.0 0.8 1.0 1.9 1.0 3.7 4.9 5.04
3.7 2.3 2.6 1.4 0.7 0.5 1.5 1.6 5.3 6.4 5.392
11.5 6.9 7.5 7.8 4.1 4.4 5.1 5.0 6.8 8.1 5.53
0.9 0.2 1.2 0.0 0.3 0.1 0.6 0.0 5.9 7.1 6.428
4.5 3.7 2.7 2.5 1.6 1.9 2.1 1.1 4.6 5.2 8.468
1.2 0.1 0.6 0.0 0.2 0.1 0.4 0.0 9.0 10.4 12.108
1.5 0.5 1.5 0.0 0.2 0.1 1.0 0.0 10.2 11.2 11.325
9.2 1.6 1.2 3.3 2.1 1.7 3.1 2.0 6.7 7.7 9.822
3.5 1.9 3.6 1.5 2.2 1.0 2.8 0.0 6.1 7.2 8.559
0.1 0.0 0.0 0.0 0.0 0.0 0.1 0.0 9.7 10.7 7.472
0.7 0.5 0.5 0.0 0.2 0.0 0.7 0.0 5.6 5.5 6.982
0.0 0.0 0.0 0.0 0.0 0.0 0.0 0.8 1.0 1.8 6.763
0.0 0.0 0.0 0.0 0.0 0.0 0.0 0.0 0.8 0.2 5.942
0.8 0.6 0.1 0.0 0.2 0.5 0.0 0.6 3.8 3.9 4.571
22.8 14.7 14.2 10.6 11.5 5.5 15.0 10.1 11.7 13.1 4.602
3.0 1.3 4.0 2.2 0.8 0.4 1.6 1.6 6.6 7.9 4.366
3.9 3.8 3.3 2.4 2.9 2.6 3.5 1.8 8.5 10.5 7.374
0.1 0.0 0.0 0.0 0.1 0.0 0.6 0.0 5.2 6.2 15.206
0.0 0.0 0.0 0.0 0.0 0.0 0.0 0.0 1.5 1.6 14.537
2.8 1.4 1.1 4.2 1.1 5.3 2.9 2.5 -2.4 -1.6 12.437
7.5 5.7 4.8 7.4 3.9 7.6 6.7 11.0 -3.3 -2.2 8.016
0.0 0.0 0.0 0.0 0.0 0.0 0.0 0.0 -4.8 -7.8 8.034
5.7 1.7 3.0 4.6 0.9 0.0 3.2 1.5 -7.0 -6.3 7.276
1.9 1.3 4.4 2.4 0.9 0.0 1.2 1.8 -4.3 -3.0 5.917
8.8 8.3 7.6 4.9 3.2 4.2 6.7 1.5 0.6 2.2 5.333
0.5 1.3 1.8 3.6 0.5 0.0 0.8 1.7 2.1 3.3 5.206
1.3 0.2 3.0 0.0 0.0 0.0 0.3 0.0 3.0 4.8 6.309
1.5 0.1 0.9 1.3 0.7 0.0 0.3 0.0 2.9 4.7 19.995
0.0 0.0 0.0 0.0 0.0 0.0 0.0 0.0 3.5 4.3 24.189
2.9 2.0 2.9 0.0 1.4 1.6 2.4 2.7 2.0 3.1 21.838
0.3 0.0 0.1 0.0 0.0 0.0 0.0 0.0 3.3 3.9 19.478
0.0 0.0 0.0 0.0 0.0 0.0 0.0 0.0 3.9 4.4 16.601
0.0 0.0 0.0 0.0 0.0 0.2 0.0 0.7 1.9 2.6 14.604
1.1 0.2 0.6 1.1 0.1 1.5 0.7 0.2 0.5 1.2 12.704
10.8 7.3 7.1 8.2 5.4 8.0 7.2 7.6 -0.3 0.9 11.006
2.9 3.8 2.5 1.9 1.4 1.2 2.0 2.0 2.5 4.2 8.236
2.8 2.1 2.2 0.0 0.4 0.0 0.4 0.0 2.9 4.1 7.375
1.8 0.4 0.4 0.0 0.1 0.4 0.4 0.7 3.6 3.7 10.55
3.7 2.3 2.0 1.3 0.6 0.4 1.3 0.5 3.8 5.3 13.378
4.1 3.6 2.8 3.6 1.8 1.8 2.1 4.5 6.2 6.7 13.668
2.9 0.0 1.9 0.0 0.0 0.0 0.1 0.5 5.8 7.0 12.266
3.7 4.2 3.2 3.5 2.9 2.8 3.1 4.5 5.8 6.5 11.666
3.6 4.0 4.4 9.5 6.2 6.7 5.9 6.5 3.3 4.5 12.166
0.0 0.0 0.0 0.0 0.0 0.0 0.0 0.0 2.9 3.8 12.166
0.0 0.0 0.0 0.0 0.0 0.0 0.0 0.0 2.7 2.3 15.757
0.0 0.0 0.0 0.0 0.0 0.0 0.0 0.0 2.7 2.9 17.947
0.0 0.0 0.0 0.0 0.0 0.0 0.0 0.0 1.0 1.3 15.609
0.0 0.0 0.0 0.0 0.0 0.0 0.0 0.0 2.7 3.1 12.137
1.6 1.0 1.4 0.5 0.4 0.3 1.0 0.0 5.1 4.2 10.337
0.0 0.0 0.0 0.6 0.0 0.0 0.0 0.0 5.4 4.0 9.436
0.0 0.0 0.0 0.0 0.0 0.0 0.0 0.0 2.9 3.3 7.724
0.0 0.0 0.0 0.0 0.0 0.0 0.0 0.0 3.0 3.6 6.792
0.2 0.0 0.2 0.0 0.2 0.5 0.4 0.0 2.3 3.5 7.006
4.8 4.1 5.1 0.0 1.8 2.4 4.0 2.0 2.8 4.2 6.76
10.1 10.9 11.7 7.7 5.7 7.9 8.2 6.5 3.3 4.4 5.765
4.8 2.5 3.3 4.2 1.8 1.3 1.9 0.8 5.3 8.0 5.601
11.8 4.4 4.4 3.8 4.1 6.3 5.3 3.8 6.5 8.1 6.511
2.4 1.1 1.9 0.0 0.2 0.9 0.8 1.0 4.1 5.9 12.821
4.6 8.4 6.6 7.1 5.8 9.6 8.2 5.0 2.9 4.8 19.621
0.0 0.0 0.0 0.0 0.0 0.0 0.1 0.5 3.3 4.6 20.621
1.6 0.0 0.4 0.0 0.3 0.4 0.4 0.0 5.6 6.2 21.213
0.0 0.0 0.0 0.0 0.0 0.0 0.0 0.0 7.9 7.1 22.615
0.0 0.0 0.0 0.0 0.0 0.0 0.0 0.0 11.0 11.2 17.635
5.0 2.1 2.0 2.1 1.2 3.1 3.0 0.5 7.0 7.4 14.706
0.0 0.0 0.0 0.0 0.0 0.0 0.0 0.0 6.6 6.7 12.404
0.1 0.0 0.2 0.0 0.0 0.0 0.0 0.1 3.9 3.6 11.101
0.0 0.0 0.0 0.0 0.0 0.0 0.0 0.0 4.7 3.4 9.063
0.0 0.0 0.0 0.0 0.0 0.0 0.0 0.0 9.2 6.6 8.305
0.0 0.0 0.0 0.0 0.0 0.0 0.0 0.0 10.0 8.4 7.765
0.0 0.0 0.0 0.0 0.0 0.0 0.0 0.0 8.0 7.3 6.226
0.0 0.0 0.0 0.0 0.0 0.0 0.0 0.0 6.0 4.6 5.268
0.0 0.0 0.0 0.0 0.0 0.0 0.0 0.0 7.1 3.5 5.672
2.6 0.3 0.8 0.0 0.2 0.7 0.3 0.0 6.1 8.2 5.741
5.6 3.1 4.4 5.4 2.2 3.8 3.8 0.0 7.9 9.4 5.631
0.0 0.0 0.0 1.7 0.0 0.2 0.0 0.0 2.9 3.8 5.671
3.6 4.2 5.7 15.7 8.7 15.3 10.0 17.0 1.5 3.3 5.741
0.4 0.3 1.1 0.0 0.0 0.0 0.3 0.0 1.2 2.5 6.121
0.0 0.0 0.0 0.0 0.0 0.0 0.0 0.0 2.3 3.6 6.641
2.4 7.6 3.3 7.1 5.5 3.5 4.6 7.7 5.6 4.4 7.231
0.0 0.0 0.0 0.0 0.0 0.0 0.0 0.0 7.1 7.5 6.971
0.0 0.0 0.0 0.0 0.0 0.0 0.0 0.0 9.4 8.5 7.281
0.0 0.0 0.0 0.0 0.0 0.0 0.0 0.0 9.2 8.4 7.575
0.0 0.0 0.0 0.0 0.0 0.0 0.0 0.0 10.6 9.0 6.933
0.0 0.0 0.0 0.0 0.0 0.0 0.0 0.0 9.6 7.8 6.173
0.0 0.0 0.0 0.0 0.0 0.0 0.0 0.0 7.5 6.2 5.675
0.0 0.0 0.0 0.0 0.0 0.0 0.0 0.0 8.9 7.8 4.931
0.0 0.0 0.0 0.0 0.0 0.0 0.0 0.0 10.7 9.7 4.691
0.0 0.0 0.0 0.0 0.0 0.0 0.0 0.0 11.9 10.6 4.611
0.0 0.0 0.0 0.0 0.0 0.0 0.0 0.0 12.5 9.8 4.431
0.7 1.8 3.1 0.0 0.0 0.0 0.0 0.0 8.0 8.9 3.701
0.0 0.0 0.0 0.0 0.0 0.0 0.0 0.0 4.8 5.4 3.241
0.0 0.0 0.0 0.0 0.0 0.0 0.0 0.0 6.9 7.8 3.571
0.0 0.0 0.0 0.0 0.0 0.0 0.0 0.0 8.5 10.0 3.571
0.0 0.0 0.0 0.0 0.0 0.0 0.0 0.0 7.8 7.9 3.421
0.0 0.0 0.0 0.0 0.0 0.0 0.0 0.0 6.7 6.5 3.471
0.0 0.0 0.0 0.0 0.0 0.0 0.0 0.0 10.8 11.7 3.071
0.2 0.0 0.2 0.0 0.0 0.0 0.0 0.0 10.9 11.9 3.0
0.0 0.0 0.0 0.0 0.0 0.0 0.0 0.0 11.1 9.4 2.161
0.0 0.0 0.0 0.0 0.0 0.0 0.0 0.0 14.0 13.4 2.135
0.0 0.0 0.0 0.0 0.0 0.0 0.0 0.0 16.5 15.5 2.498
0.0 0.0 0.0 0.0 0.0 0.0 0.0 0.0 17.1 15.4 2.601
0.0 0.0 0.0 0.0 0.0 0.0 0.0 0.0 16.2 15.1 2.564
0.0 0.0 0.0 0.0 0.0 0.0 0.0 0.0 16.3 13.4 2.524
1.2 0.0 1.2 0.0 1.4 0.3 1.5 3.0 17.4 16.7 2.491
0.0 0.0 0.0 0.0 0.0 0.0 0.0 0.0 8.2 8.5 2.358
0.0 0.0 0.0 0.0 0.0 0.0 0.0 0.0 8.7 9.2 2.116
0.0 0.0 0.0 0.0 0.0 0.0 0.0 0.0 8.1 7.5 2.146
0.0 0.0 0.0 2.1 0.0 0.0 0.0 0.0 7.9 8.6 2.046
0.0 0.0 0.0 0.0 0.0 0.0 0.0 0.0 11.6 10.5 2.026
0.0 0.0 0.0 0.0 0.0 0.0 0.0 0.0 16.7 13.5 1.936
0.3 0.0 0.0 0.0 0.4 0.8 6.9 0.0 14.4 15.4 1.846
0.0 0.0 0.0 0.0 0.0 0.0 0.0 0.0 16.1 13.8 1.613
0.0 0.0 0.0 0.0 0.0 0.0 0.0 0.0 17.3 16.6 1.248
0.0 0.0 0.0 0.0 0.0 0.0 0.0 0.0 18.2 16.0 1.444
0.0 0.0 0.0 0.0 0.0 0.0 0.0 0.0 19.5 16.3 1.604
0.0 0.0 0.0 0.0 0.0 0.0 0.0 0.0 12.0 11.7 1.584
0.0 0.0 0.0 0.0 0.0 0.0 0.0 0.0 12.5 10.4 1.614
0.0 0.0 0.0 0.0 0.0 0.0 0.0 0.0 8.2 8.1 1.474
0.0 0.0 0.0 0.0 0.0 0.0 0.0 0.0 10.2 11.5 1.508
0.0 0.0 0.0 0.0 0.0 0.0 0.0 0.0 15.4 13.9 1.451
0.0 0.0 0.0 0.0 0.0 0.0 0.0 0.0 17.0 16.2 1.431
0.1 0.0 0.2 0.0 0.0 0.5 0.1 0.0 16.2 15.8 1.401
0.8 0.9 0.8 1.4 0.8 1.8 0.5 1.8 12.0 13.2 1.349
8.0 14.0 11.3 3.7 12.5 5.0 15.1 5.2 14.1 14.6 1.231
4.3 10.8 7.9 20.8 6.1 7.2 11.6 13.2 10.4 11.0 1.153
1.0 3.1 9.0 1.5 0.2 0.8 2.2 0.2 10.2 12.0 1.303
0.8 0.0 0.1 0.0 0.1 1.0 0.0 0.2 14.0 15.6 1.709
0.1 0.0 0.0 0.0 0.0 0.0 0.0 0.0 16.6 17.9 1.899
4.0 2.9 3.5 3.8 1.9 5.2 2.5 3.5 12.9 12.6 1.759
0.0 0.0 0.0 0.0 0.0 0.0 0.0 0.0 19.2 18.2 1.819
0.1 17.3 0.0 0.0 0.1 0.0 0.0 0.6 21.8 21.3 1.819
13.8 29.8 13.0 12.6 9.7 12.0 13.0 19.0 12.8 13.0 1.779
6.8 6.0 5.5 5.6 4.5 1.8 4.3 6.5 9.8 11.2 1.679
0.5 0.1 0.5 1.8 1.7 6.7 1.3 1.0 8.3 10.2 1.999
0.0 0.0 0.0 0.0 0.0 0.0 0.0 0.0 10.2 10.6 2.329
0.0 0.0 0.0 0.0 0.0 0.0 0.0 0.0 14.4 19.0 2.439
0.0 0.0 0.0 0.0 0.0 0.0 0.0 0.0 21.5 20.1 2.379
0.0 0.0 0.0 0.0 0.0 0.0 0.0 0.0 22.1 22.2 2.219
18.2 6.8 32.3 3.5 0.2 0.7 17.0 5.8 20.0 21.5 2.039
0.0 0.0 15.6 0.0 1.0 0.0 0.8 0.0 18.6 19.6 1.849
0.0 0.0 0.0 0.0 0.0 0.1 0.0 0.0 21.7 21.2 1.579
0.2 1.8 0.1 8.9 5.8 0.1 2.7 4.3 24.5 23.9 2.602
0.7 10.1 0.5 0.0 0.8 1.1 0.6 2.8 20.8 21.2 2.768
4.1 0.0 8.1 0.0 17.9 0.0 0.0 12.5 20.4 21.2 2.491
0.4 1.8 0.4 7.7 2.9 2.9 1.2 3.5 20.7 20.5 2.238
0.5 1.0 0.6 0.6 0.1 0.3 0.1 0.0 14.4 13.9 2.112
0.0 0.0 0.0 0.0 0.0 0.0 0.0 0.0 11.9 12.4 1.969
0.0 0.0 0.0 0.0 0.0 0.0 0.0 0.0 14.9 15.5 1.709
21.3 10.3 8.3 2.8 5.3 4.5 5.0 2.8 17.7 18.5 1.559
3.9 3.7 1.8 3.0 4.1 11.2 5.3 2.1 17.2 17.5 1.438
0.1 29.6 2.5 7.4 6.4 0.9 1.0 15.0 16.2 16.6 1.326
0.0 0.0 0.1 0.0 0.0 0.1 0.1 0.0 16.5 17.8 1.575
0.0 0.0 0.0 0.0 0.0 0.0 0.0 0.0 19.7 19.0 2.043
0.0 0.0 0.0 0.8 0.0 2.5 0.3 0.5 21.1 20.2 2.291
0.0 0.0 0.0 7.3 0.0 0.1 0.0 0.0 21.2 20.9 2.059
0.0 0.0 0.0 0.0 0.0 0.0 0.0 0.0 23.8 23.0 1.787
0.0 0.0 0.0 0.0 0.0 0.0 0.0 0.0 23.3 23.2 1.585
0.0 15.3 0.0 0.0 24.3 0.1 0.0 0.0 22.4 21.4 1.423
0.0 0.0 0.0 0.0 0.0 0.0 0.0 10.0 22.3 23.1 1.246
0.0 0.0 0.0 0.0 0.2 0.0 0.0 0.0 21.0 21.3 1.086
0.0 0.0 0.1 0.0 0.0 0.0 0.0 0.0 20.1 21.6 1.199
2.1 14.8 3.1 0.0 6.7 0.9 6.9 0.0 19.8 21.7 1.166
0.2 9.5 1.4 1.3 0.0 0.6 0.0 0.4 23.2 23.3 1.051
0.0 0.0 0.2 0.0 0.0 0.0 0.0 0.0 17.4 17.7 0.957
0.4 0.0 0.0 0.0 0.2 0.0 0.1 0.0 19.8 20.6 0.864
0.6 1.5 9.9 0.7 0.6 0.6 0.6 0.3 19.3 20.0 0.794
0.0 0.0 0.0 0.0 0.0 0.0 0.0 0.0 21.2 21.1 0.757
0.0 0.0 0.0 0.0 0.0 0.0 0.0 0.0 25.6 25.4 0.747
33.6 26.4 45.1 51.1 26.9 38.6 39.7 33.2 20.0 21.8 0.7
2.0 3.7 2.4 3.2 2.4 2.7 2.3 3.0 15.9 17.1 0.605
1.7 3.3 0.4 6.8 0.1 2.5 0.0 0.5 16.7 16.9 1.769
0.0 0.0 0.0 0.0 0.0 0.0 0.0 0.0 17.7 19.4 3.384
19.6 20.3 14.8 1.5 25.6 23.1 16.6 27.0 20.7 20.4 2.399
1.5 0.0 1.2 1.1 0.2 0.3 0.0 0.0 14.6 15.6 1.982
0.0 0.0 0.1 0.0 0.0 0.0 0.0 0.0 13.4 14.1 3.818
0.3 0.0 1.2 0.7 3.5 7.8 0.0 2.4 13.7 15.0 3.771
0.1 0.0 0.0 0.0 0.0 0.0 1.2 0.0 14.6 16.5 3.131
0.0 0.0 0.1 0.0 0.0 0.0 0.0 0.0 18.1 19.1 2.181
0.4 2.3 2.0 1.1 0.6 0.6 0.3 0.0 20.8 21.8 1.168
22.0 11.0 18.3 4.2 2.1 0.0 2.7 5.0 17.8 18.2 0.857
13.2 8.4 10.9 12.9 12.8 15.8 10.2 12.3 18.8 20.3 0.844
11.3 4.5 2.5 1.8 1.3 1.1 0.9 2.9 14.0 14.8 0.915
17.0 2.0 4.5 4.9 5.6 0.0 3.9 9.0 13.8 14.8 1.359
0.0 2.7 2.9 0.0 0.0 0.0 0.0 0.0 14.1 15.1 2.904
0.0 1.4 0.0 0.0 0.0 0.0 0.0 0.0 17.0 17.9 3.769
0.0 0.4 0.2 0.7 0.0 0.0 0.2 0.0 17.0 19.1 3.596
28.8 17.7 16.1 18.6 26.6 14.1 18.8 10.5 16.9 17.3 3.012
7.3 9.8 9.3 0.0 0.3 1.4 1.0 0.0 12.8 13.5 1.743
6.1 9.0 8.7 2.3 1.4 0.8 2.6 1.5 12.4 15.1 1.566
0.9 1.9 2.0 0.7 0.4 1.2 1.3 0.1 13.9 14.7 5.218
0.1 0.0 0.5 0.0 0.0 0.0 0.0 0.0 16.8 18.5 7.778
0.0 0.0 0.0 0.0 0.0 0.0 0.0 0.0 22.6 23.8 6.301
0.0 0.0 0.0 0.0 0.0 0.0 0.0 0.0 27.4 26.8 4.341
0.0 0.0 0.0 0.0 0.0 0.0 0.0 0.0 28.8 28.0 2.726
8.0 13.3 8.9 12.2 7.9 14.0 15.7 9.5 26.9 27.9 1.879
3.2 0.6 1.9 0.6 2.1 5.0 1.7 1.0 20.7 21.4 1.664
0.9 2.8 1.1 2.5 1.7 2.4 1.5 0.0 23.1 23.1 1.676
0.0 0.2 0.0 0.5 0.2 0.4 0.1 0.0 25.4 24.7 1.716
1.2 12.5 3.0 5.3 3.9 0.0 0.0 2.5 22.7 23.2 1.719
2.4 0.2 2.5 0.0 0.3 0.0 0.0 0.0 17.9 19.7 1.639
2.2 5.7 1.5 0.7 2.6 0.0 1.9 2.5 22.1 21.1 1.519
2.1 2.1 1.0 0.0 0.0 2.4 0.0 0.0 17.4 18.9 1.456
0.0 0.0 0.0 0.0 0.0 0.3 0.0 0.0 15.7 16.7 1.167
0.0 0.0 0.0 0.0 0.0 0.0 0.0 0.0 19.2 22.1 1.111
0.0 0.0 0.0 0.0 0.0 0.0 0.0 0.0 20.7 21.9 1.135
0.1 0.0 0.0 0.0 0.0 0.8 0.0 1.2 19.5 20.0 0.978
5.8 5.2 4.0 5.1 3.1 2.9 2.3 5.2 17.2 18.4 0.79
0.8 0.6 1.1 0.0 0.2 1.2 3.1 0.7 13.9 14.5 0.913
0.0 0.0 0.0 0.0 0.0 0.0 0.0 0.0 12.9 14.5 0.798
0.0 0.0 0.0 0.0 0.0 0.0 0.0 0.0 16.0 15.6 0.827
0.8 0.0 0.3 0.0 0.3 0.7 0.2 0.8 22.5 23.3 0.853
0.0 0.0 0.1 0.0 0.0 0.0 0.0 0.0 16.8 17.7 0.847
0.0 0.0 0.0 0.0 0.0 0.0 0.0 0.0 16.3 17.5 0.816
0.0 0.0 0.0 0.0 0.0 0.0 0.0 0.0 19.5 19.2 0.752
0.0 0.0 0.0 0.0 0.0 0.0 0.0 0.0 22.8 23.1 0.624
0.0 0.0 0.0 0.0 0.0 0.0 1.0 0.0 24.1 24.1 0.37
0.0 0.0 0.0 1.9 6.6 0.9 1.0 0.0 24.5 24.6 0.325
0.6 0.0 1.4 0.7 0.0 1.1 0.0 3.2 23.4 22.8 0.267
7.8 4.2 12.0 3.9 0.0 0.3 0.0 7.8 17.6 19.9 0.228
0.0 0.0 0.0 0.0 0.0 0.0 0.0 0.0 18.7 19.5 0.284
0.0 0.0 0.0 0.0 0.0 0.0 0.0 0.0 18.1 19.0 0.418
0.0 0.0 0.0 0.0 0.0 0.0 0.0 0.0 19.7 20.5 1.13
0.0 0.0 0.0 0.0 0.0 0.0 0.0 0.0 20.0 20.4 2.735
0.0 0.0 0.0 0.0 0.0 0.0 0.0 0.0 22.4 23.1 1.137
1.1 0.6 0.6 1.9 0.9 1.5 2.0 0.7 21.0 19.9 0.629
0.5 0.0 0.2 0.0 0.3 0.6 0.2 0.2 16.0 17.5 0.61
0.0 0.0 0.0 0.0 0.0 0.0 0.0 0.0 17.6 18.2 0.662
8.7 26.2 7.5 2.1 9.9 2.8 2.0 28.0 22.3 21.3 0.618
8.8 8.6 8.7 6.7 7.5 6.2 9.3 6.8 19.4 20.3 0.491
2.3 0.0 0.0 0.0 0.1 3.1 0.0 0.4 19.5 18.5 0.939
0.4 0.0 0.1 1.1 0.8 0.3 11.7 0.0 19.7 19.2 1.021
45.6 4.5 33.7 14.6 14.1 0.0 23.0 3.3 22.5 22.9 1.011
0.0 0.0 0.0 0.0 0.0 0.0 0.0 0.0 18.7 20.0 0.948
0.0 0.0 0.0 0.0 0.3 0.0 0.1 0.0 20.6 20.5 1.648
0.0 0.0 0.0 0.0 0.0 0.0 0.0 0.0 19.6 20.4 2.83
0.0 0.0 0.0 0.0 0.0 0.0 0.0 0.0 17.0 18.1 1.88
0.0 0.0 0.0 0.0 0.0 0.0 0.0 0.0 13.9 15.7 1.42
0.0 0.0 0.0 0.0 0.0 0.0 0.0 0.0 14.6 14.9 1.171
0.0 0.0 0.0 0.0 0.0 0.0 0.0 0.1 14.2 14.7 1.084
4.3 5.0 3.8 3.9 6.4 6.9 4.3 8.5 13.7 14.5 0.943
0.3 0.0 0.1 0.0 0.0 0.0 0.0 0.0 14.5 15.5 0.843
0.0 0.0 0.0 0.0 0.0 0.0 0.0 0.0 16.1 17.2 0.824
3.5 3.8 2.1 3.9 3.3 0.0 3.1 3.0 12.8 13.8 0.842
1.5 2.5 2.0 8.2 2.1 7.3 1.5 3.9 9.5 9.4 0.853
0.2 0.0 0.2 5.4 3.0 2.1 3.2 5.8 11.3 11.6 0.927
0.0 0.0 0.0 11.7 2.9 10.2 1.4 6.0 13.9 14.0 0.921
0.1 0.0 0.0 0.0 0.0 2.1 0.3 0.0 14.4 14.5 1.92
0.4 0.6 1.6 2.8 0.3 2.0 1.2 0.1 13.5 14.6 2.39
0.0 0.0 0.1 0.0 0.0 2.1 0.0 0.0 13.0 13.3 1.79
12.1 8.9 7.5 6.3 0.1 4.2 6.2 8.5 11.2 11.9 1.44
1.8 1.0 0.0 4.8 0.0 1.2 3.1 3.0 12.1 12.5 1.27
0.1 0.0 0.0 0.0 0.1 1.2 0.0 0.0 12.5 13.0 1.206
0.0 0.0 0.0 0.0 0.0 0.0 0.0 0.0 11.1 12.6 1.244
0.0 0.0 0.1 0.0 0.0 0.0 0.3 0.8 12.8 13.1 1.212
0.0 0.0 0.0 0.0 0.0 0.2 0.0 0.0 12.7 11.8 1.041
0.0 0.0 0.0 0.0 0.0 0.0 0.0 0.0 12.6 12.1 0.509
0.0 0.0 0.0 0.0 0.0 0.0 0.0 0.0 16.4 17.4 0.519
10.4 12.6 14.0 12.3 0.1 10.8 8.4 10.5 13.0 13.8 0.571
0.0 0.0 0.0 0.0 0.0 0.0 0.0 0.0 7.6 8.4 0.637
0.0 0.0 0.0 0.0 0.0 0.0 0.0 0.0 9.4 9.2 0.747
0.0 0.0 0.0 0.0 0.0 0.0 0.0 0.0 13.4 12.3 0.919
0.0 0.0 0.0 0.0 0.0 0.0 0.0 0.0 14.2 14.2 0.895
0.0 0.0 0.0 0.0 0.0 0.0 0.0 0.0 16.4 14.3 0.86
0.0 0.0 0.0 0.0 0.0 0.0 0.0 0.0 16.2 15.2 0.864
14.9 3.0 12.2 13.9 0.0 11.2 9.5 6.5 11.8 11.6 0.863
0.4 0.2 0.0 0.0 10.2 0.3 0.0 0.0 10.8 11.2 0.825
13.1 16.1 8.2 8.8 1.7 10.2 10.5 8.5 12.7 12.2 0.899
19.1 19.2 14.9 10.7 1.8 8.9 11.9 12.5 12.0 12.4 1.103
0.0 0.0 0.0 0.0 0.8 0.0 0.0 0.0 12.4 13.3 2.064
0.0 0.0 0.0 0.0 0.3 0.0 0.0 0.0 13.1 13.2 3.372
0.0 0.0 0.0 0.0 9.9 0.0 0.0 0.0 14.5 14.2 4.562
0.1 1.3 0.8 2.9 4.9 5.0 4.2 1.5 14.2 15.0 3.754
0.0 0.8 0.0 0.0 0.0 0.0 0.0 0.0 13.4 13.9 3.125
8.0 13.8 21.2 7.8 15.2 2.8 14.5 3.0 13.4 14.5 2.585
0.2 0.0 0.1 0.0 0.2 7.4 0.4 0.8 11.3 11.6 2.255
0.0 0.0 0.0 0.0 0.0 0.0 0.0 0.0 9.5 8.8 2.695
0.0 0.0 0.0 0.0 0.0 0.0 0.0 0.0 9.3 9.4 4.385
0.0 0.0 0.0 0.0 0.0 0.0 0.0 0.0 10.7 10.3 5.135
0.0 0.0 0.0 0.0 0.0 0.0 0.0 0.0 8.9 9.0 5.769
0.0 0.0 0.0 0.0 0.0 0.0 0.0 0.0 9.9 8.3 6.014
0.0 0.0 0.0 0.0 0.0 0.0 0.0 0.0 6.8 5.6 5.629
1.1 1.0 0.6 0.0 0.4 0.1 1.4 0.5 8.3 8.5 4.746
0.0 0.0 0.0 0.0 0.1 0.0 0.0 0.0 6.0 6.4 4.158
0.0 0.0 0.0 0.0 0.0 0.0 0.0 0.0 4.9 4.0 3.465
0.0 0.0 0.0 0.0 0.0 0.0 0.0 0.0 8.2 6.2 2.996
0.0 0.0 0.0 0.0 0.0 0.0 0.0 0.0 10.1 8.8 2.18
2.7 2.2 1.7 1.9 0.6 0.8 1.0 0.0 11.3 10.7 1.771
3.5 1.2 1.5 0.0 0.6 1.6 3.7 5.3 6.6 7.4 1.861
1.3 1.6 0.0 0.0 0.9 0.0 0.0 2.0 3.8 4.6 1.871
1.9 3.7 0.0 2.2 0.0 0.0 0.0 0.0 4.3 5.1 1.269
0.0 0.0 0.0 0.0 0.0 0.0 0.0 0.0 3.9 4.5 0.314
0.0 0.0 0.0 0.0 0.0 4.3 0.0 0.0 3.8 4.7 0.306
0.0 11.4 1.1 2.8 2.7 0.0 6.6 5.0 5.5 5.2 0.297
1.1 1.6 0.1 2.2 1.2 0.9 2.0 1.0 7.8 7.9 0.317
0.8 1.0 0.6 0.9 0.6 0.0 1.2 2.5 7.2 7.6 0.312
0.4 0.3 0.5 0.6 0.1 0.0 0.3 0.0 8.7 8.6 0.334
0.4 0.0 0.6 0.0 0.0 0.2 0.0 0.5 7.6 7.4 0.436
0.0 0.0 0.0 0.0 0.0 0.0 0.0 0.0 7.9 8.0 0.973
0.1 0.0 0.0 0.0 0.0 0.0 0.0 0.0 8.9 9.7 1.168
0.2 0.2 0.1 0.0 0.0 0.2 0.0 0.0 9.2 9.9 1.42
0.0 0.0 0.1 0.0 0.0 0.0 0.0 0.0 6.6 5.0 1.58
0.0 0.0 0.0 0.0 0.0 0.0 0.0 0.0 7.1 7.1 1.45
0.1 0.0 0.4 0.6 0.1 0.3 0.3 1.5 9.3 9.6 1.527
0.5 1.0 0.9 1.7 0.6 0.6 0.6 1.0 10.6 11.9 1.457
3.7 0.2 0.5 1.4 0.3 0.1 0.2 0.8 6.9 7.6 1.438
1.2 2.2 1.3 0.0 0.9 0.4 0.9 1.0 3.3 2.5 1.382
9.2 4.4 8.5 4.9 3.8 4.5 5.6 5.3 2.7 4.2 1.369
14.6 10.8 10.9 7.1 7.9 7.3 10.6 4.7 3.9 4.9 1.416
1.8 4.6 5.4 1.1 1.2 1.5 2.0 2.0 5.6 7.2 1.525
13.7 6.4 9.1 4.2 2.3 4.2 3.7 5.0 4.0 5.2 3.146
0.7 3.0 4.5 6.4 1.6 5.0 2.8 4.8 0.5 1.4 6.544
18.8 19.8 19.4 6.2 14.2 12.5 5.9 7.0 0.2 0.8 8.192
2.9 6.1 10.2 13.2 5.8 8.0 6.2 8.0 0.5 1.8 10.712
6.4 4.0 6.2 1.9 2.4 2.6 2.5 4.5 0.9 2.3 9.678
2.3 0.0 3.4 3.6 1.8 4.2 2.1 5.0 0.4 0.8 8.196
0.1 0.0 0.0 0.0 0.1 0.0 0.0 0.0 -1.2 -0.8 8.847
0.1 0.1 0.1 0.0 0.0 0.8 0.0 0.0 -2.0 -1.6 12.457
1.2 0.0 0.7 0.0 0.2 0.0 0.2 1.0 -0.5 0.5 13.056
0.0 0.0 0.0 0.0 0.0 0.0 0.0 0.0 -0.4 -0.3 8.512
0.0 0.0 0.0 3.6 0.0 0.0 0.0 0.0 2.7 1.2 6.57
0.0 0.0 0.0 0.0 0.0 0.0 0.0 0.0 2.0 2.7 5.64
0.0 0.0 0.0 0.0 0.0 0.0 0.0 0.0 1.3 1.8 5.39
0.0 0.0 0.0 0.0 0.0 0.0 0.0 0.0 2.4 3.0 5.44
0.3 0.1 0.1 0.0 0.0 0.0 0.0 0.1 5.0 5.8 5.85
0.0 0.0 0.0 0.0 0.0 0.0 0.0 0.0 2.1 3.5 6.43
5.8 5.7 6.7 4.6 6.8 6.0 10.2 4.0 1.2 2.7 8.073
1.1 1.0 0.7 1.6 1.0 1.0 1.9 1.3 -0.2 1.2 12.271
0.0 0.0 0.0 0.0 0.0 0.0 0.0 0.0 -0.1 -0.2 11.473
0.0 0.0 0.0 0.0 0.0 0.0 0.0 0.0 -2.1 -3.5 10.558
4.7 6.8 5.2 0.0 5.1 5.2 5.7 5.5 -1.7 -1.6 9.267
1.0 0.0 1.1 0.0 0.0 0.0 0.0 0.0 1.3 2.3 6.024
3.1 3.7 3.1 2.1 1.3 0.9 1.5 2.5 3.0 2.9 5.103
23.2 10.0 10.1 0.0 3.1 2.7 5.7 0.0 5.8 7.6 5.462
4.5 1.4 1.8 3.1 4.3 2.1 2.9 2.5 5.3 6.5 6.938
1.1 1.7 1.5 2.2 0.6 0.7 1.8 2.3 3.1 3.7 11.54
1.3 0.6 1.1 0.6 0.2 0.0 0.2 1.0 4.0 4.8 29.44
10.6 5.7 4.5 3.3 2.0 2.0 1.7 4.3 6.5 7.7 26.836
12.2 4.4 5.3 0.0 4.4 4.7 4.9 6.4 8.1 9.5 18.786
0.0 0.0 0.0 0.0 0.0 0.0 0.0 0.0 4.7 5.7 15.782
2.3 0.4 1.5 1.8 1.1 3.3 2.0 2.0 2.2 3.1 22.884
0.0 0.0 0.0 0.0 0.0 0.0 0.0 0.0 3.9 3.8 23.608
1.9 0.6 0.9 0.7 0.1 1.7 1.1 1.5 3.2 4.3 18.71
0.0 0.0 0.0 0.0 0.0 0.0 0.0 1.0 4.0 4.8 13.206
0.1 0.0 0.0 0.0 0.0 0.0 0.0 0.0 1.6 2.8 10.965
0.1 0.0 0.0 0.0 0.0 0.0 0.0 0.0 -0.6 0.8 9.298
0.0 0.0 0.0 0.0 0.0 0.0 0.0 0.0 -1.2 0.1 8.108
0.0 0.0 0.0 0.0 0.0 0.0 0.0 0.0 -2.5 -2.6 7.618
0.0 0.0 0.0 0.0 0.0 0.0 0.0 0.0 -2.2 -0.2 5.392
0.0 0.0 0.0 0.0 0.0 0.0 0.0 0.0 -2.2 -2.9 4.83
0.0 0.0 0.0 0.0 0.0 0.0 0.0 0.0 -4.7 -4.3 5.1
0.0 0.0 0.0 0.0 0.0 0.0 0.0 0.0 -5.1 -4.1 4.86
0.0 0.0 0.0 0.0 0.0 0.0 0.0 0.0 -5.8 -5.7 4.78
0.0 0.0 0.0 0.0 0.0 0.0 0.0 0.0 -4.6 -4.2 4.487
0.0 0.0 0.0 0.0 0.0 0.0 0.0 0.0 -5.6 -4.4 4.353
0.0 0.0 0.0 1.3 0.0 0.0 0.0 0.0 -4.7 -3.6 4.187
0.0 0.0 0.0 0.0 0.0 0.0 0.0 0.0 -2.9 -1.4 4.066
0.0 0.0 0.0 0.0 0.0 0.0 0.0 0.0 -3.4 -4.2 3.724
0.0 0.0 0.0 0.0 0.0 0.0 0.0 0.0 -4.0 -3.1 3.244
0.0 0.0 0.0 0.0 0.0 0.0 0.0 0.0 -2.0 -0.9 3.154
0.4 0.0 0.2 1.1 0.0 0.4 0.2 0.0 -3.9 -2.9 3.174
2.6 2.5 2.2 1.3 1.9 2.5 0.9 3.4 -2.2 -1.2 3.104
0.2 0.0 0.2 0.5 0.8 0.7 0.6 0.2 -0.4 0.6 3.024
0.0 0.0 0.0 0.0 0.0 0.0 0.0 0.0 -0.5 -0.5 2.994
0.0 0.0 0.0 0.0 0.0 0.0 0.0 0.0 -2.6 -3.3 3.024
0.0 0.0 0.0 0.0 0.0 0.0 0.0 0.0 -2.9 -2.4 3.024
0.0 0.0 0.0 0.0 0.0 0.0 0.0 0.0 -3.4 -2.4 2.901
1.9 2.7 1.4 1.2 0.8 0.3 0.3 1.5 -4.0 -3.2 2.213
2.5 2.0 2.8 0.5 1.2 1.9 1.7 1.5 -2.3 -1.0 2.16
6.4 4.1 4.1 2.8 2.5 3.0 3.0 4.0 -0.4 -3.2 2.41
0.0 0.0 0.0 0.0 0.0 0.0 0.0 0.0 1.6 1.2 2.648
3.2 0.2 1.3 0.6 1.3 1.5 1.7 1.0 0.5 0.2 2.939
0.0 0.0 0.0 0.0 0.1 0.0 0.0 0.0 1.9 1.6 2.793
0.0 0.0 0.0 0.0 0.0 0.0 0.0 0.0 0.9 0.8 3.14
0.0 0.0 0.0 0.0 0.0 0.0 0.0 0.0 1.6 1.3 2.93
0.0 0.0 0.0 0.0 0.0 0.0 0.0 0.0 3.4 1.8 2.843
0.0 0.0 0.0 0.0 0.0 0.0 0.0 0.0 3.1 3.6 2.436
0.0 0.0 0.0 0.0 0.0 0.0 0.0 0.0 2.6 3.0 2.119
0.5 1.2 1.0 1.1 0.3 0.7 0.4 0.8 2.8 3.2 2.379
0.2 2.1 0.2 0.5 0.4 0.1 0.0 1.3 3.4 2.2 2.569
10.1 12.3 12.3 10.3 6.6 7.0 7.7 8.5 3.9 5.3 3.289
7.5 5.8 7.6 4.2 4.4 2.5 6.5 3.8 8.4 10.1 3.779
2.1 0.0 1.6 0.0 0.4 1.0 0.4 0.0 9.0 10.2 5.572
2.9 0.0 0.2 0.0 0.0 0.1 0.0 0.0 8.3 9.3 26.018
0.4 2.5 1.2 0.0 1.2 0.0 0.9 2.5 3.2 3.6 32.41
0.0 0.0 0.0 0.0 0.0 0.0 0.0 0.0 1.4 1.6 26.481
0.6 0.2 0.4 1.3 0.4 0.5 0.4 0.0 3.2 4.2 18.78
0.0 0.0 0.0 0.0 0.0 0.0 0.0 0.0 2.8 4.3 14.291
4.4 6.2 5.6 4.5 2.1 4.1 3.4 2.2 4.6 5.7 9.4
5.1 3.1 6.2 2.6 2.0 1.2 4.7 2.0 4.9 6.3 8.16
0.6 0.3 0.7 1.4 0.5 0.5 0.5 0.7 2.5 4.4 7.91
0.0 0.0 0.0 0.0 0.0 0.1 0.0 1.0 3.8 4.2 11.102
0.5 0.3 0.5 0.7 0.4 0.7 0.7 0.0 2.3 3.0 13.809
0.0 0.0 0.0 0.0 0.0 0.0 0.0 0.0 1.6 2.9 11.071
7.4 3.4 2.3 0.0 1.1 0.1 1.2 0.0 3.3 5.0 9.78
0.1 0.0 0.0 0.0 0.0 0.0 0.0 0.0 2.2 3.5 8.638
0.0 0.0 0.0 0.0 0.0 0.0 0.0 0.0 1.8 1.3 8.157
0.0 0.0 0.0 0.0 0.0 0.0 0.0 0.0 6.3 5.0 8.107
3.4 0.0 1.7 1.9 2.1 1.4 2.2 1.5 4.5 4.6 7.425
13.2 2.0 4.6 4.2 4.7 0.0 4.0 2.5 6.4 7.6 6.427
0.0 2.4 0.2 0.0 0.0 0.0 0.0 0.0 3.8 4.0 5.847
0.0 0.0 0.0 0.0 0.0 0.0 0.0 0.0 1.7 1.6 6.565
0.0 0.0 0.0 0.0 0.0 0.0 0.0 0.0 3.9 4.1 7.776
0.0 0.0 0.0 0.0 0.0 0.0 0.0 0.0 2.9 1.1 7.536
0.0 0.0 0.0 0.0 0.0 0.0 0.0 0.0 1.4 1.0 7.069
0.0 0.0 0.0 0.0 0.0 0.0 0.0 0.0 2.5 0.8 6.578
0.0 0.0 0.0 0.0 0.0 0.0 0.0 0.0 -1.7 -1.5 5.762
0.0 0.0 0.0 0.0 0.0 0.0 0.0 0.0 0.1 1.0 4.841
0.0 0.0 0.0 0.0 0.0 0.0 0.0 0.0 -1.6 -1.0 5.074
0.0 0.0 0.0 0.0 0.0 0.0 0.0 0.0 -4.2 -4.6 5.194
0.0 0.0 0.0 0.0 0.0 0.0 0.0 0.0 -3.5 -3.2 4.916
0.0 0.2 0.1 0.0 0.0 0.2 0.2 0.0 0.5 2.0 4.427
0.0 0.0 0.0 0.0 0.0 0.0 0.0 0.0 2.3 1.4 4.155
0.6 1.5 0.5 0.0 0.0 0.3 0.3 0.2 3.6 1.8 4.243
0.6 0.4 0.6 0.0 0.2 0.4 0.2 0.7 4.7 6.8 4.161
0.6 1.0 0.8 0.0 0.6 0.1 0.6 0.6 8.0 9.1 3.811
0.0 0.0 0.0 0.0 0.0 0.0 0.0 0.0 7.8 7.7 3.521
0.0 0.0 0.0 0.0 0.0 0.0 0.0 0.0 9.3 9.4 3.721
0.2 0.0 0.2 0.0 0.0 0.0 0.0 0.0 6.1 5.8 3.891
10.2 6.8 7.9 4.4 5.1 3.8 4.0 5.5 9.8 9.5 3.721
0.0 0.0 0.1 0.0 0.1 0.0 0.0 0.0 6.9 8.0 3.631
0.0 0.0 0.0 0.0 0.0 0.0 0.0 0.0 4.3 4.5 3.505
24.9 16.3 17.8 17.2 12.1 14.9 14.5 14.5 5.1 5.8 4.037
15.8 6.8 7.3 6.8 8.4 0.5 9.6 5.7 7.0 8.1 4.07
10.9 2.2 5.3 1.6 4.7 1.5 4.6 5.0 7.2 8.0 5.18
1.5 2.2 2.4 6.4 3.4 5.3 4.0 4.0 5.9 5.6 26.93
0.0 0.0 0.0 0.0 0.0 0.0 0.1 0.0 1.2 2.9 35.229
0.0 0.2 0.0 0.0 0.1 0.0 0.0 0.3 -0.5 0.2 28.517
0.0 0.0 0.0 0.0 0.0 0.0 0.0 0.0 0.3 1.0 21.807
0.0 0.0 0.0 0.0 0.0 0.0 0.0 0.0 5.0 3.1 16.608
0.0 0.0 0.0 0.0 0.0 0.0 0.0 0.0 5.5 6.0 12.728
0.0 0.0 0.0 0.0 0.0 0.0 0.0 0.0 6.1 5.7 10.93
0.0 0.0 0.0 0.0 0.0 0.0 0.0 0.0 7.4 6.8 7.55
6.7 4.1 4.5 4.4 4.4 3.1 4.6 3.5 6.6 6.6 6.86
1.8 0.0 0.7 2.5 1.3 2.3 1.3 1.8 7.6 8.3 7.45
1.2 2.2 3.5 2.1 2.3 0.0 2.3 1.6 5.5 5.8 8.07
4.0 0.0 2.1 0.0 0.9 1.0 0.0 0.4 3.9 6.4 7.98
0.0 0.0 0.0 0.0 0.0 0.0 0.0 0.0 5.5 5.3 7.46
1.9 2.6 3.1 1.5 1.3 1.5 1.7 2.0 5.9 6.8 6.99
1.3 3.1 3.6 4.4 2.7 3.4 3.0 3.0 4.1 5.4 6.709
0.7 1.1 1.7 1.8 1.6 1.5 1.8 2.8 0.1 0.9 6.208
3.2 2.8 3.1 9.1 2.1 3.5 1.6 0.0 -0.1 0.9 6.396
4.3 3.3 6.9 0.0 1.0 0.1 2.9 0.5 0.4 2.0 6.487
9.4 2.1 2.7 1.3 1.4 3.1 3.6 0.4 1.6 3.4 6.586
0.0 0.0 0.2 0.0 0.1 0.3 0.0 0.0 2.5 3.6 7.009
0.2 0.6 0.7 3.4 2.7 1.0 0.1 3.3 1.7 2.7 8.387
0.0 0.6 0.0 0.0 0.1 0.0 0.7 0.9 0.7 1.8 11.115
1.2 1.0 1.4 2.4 2.9 2.4 3.2 3.0 -0.9 -0.7 11.815
0.0 0.2 0.1 0.0 0.2 0.0 0.1 0.0 -0.3 0.3 10.715
0.0 0.0 0.0 0.0 0.0 0.1 0.0 0.0 2.9 3.3 10.515
1.1 0.9 0.6 1.4 0.9 0.0 0.7 1.5 6.6 6.4 9.675
1.2 0.0 0.5 0.0 0.5 0.0 0.7 0.0 5.9 6.4 8.655
0.0 0.0 0.0 0.0 0.0 0.0 0.0 0.0 10.1 9.6 7.735
0.0 0.0 0.0 0.0 0.0 0.0 0.0 0.0 11.7 11.2 6.075
2.4 1.8 3.5 2.9 1.4 0.2 2.6 0.0 11.3 12.6 5.245
2.1 3.7 2.7 0.7 2.0 1.0 1.6 4.5 6.5 7.6 5.405
1.7 0.0 1.7 1.4 0.0 0.0 0.8 0.7 5.0 7.3 5.495
0.1 0.0 0.6 0.0 0.0 0.0 3.6 0.2 6.8 7.4 5.545
0.0 0.0 0.0 0.0 0.0 0.0 0.0 0.0 6.3 7.1 5.536
0.9 0.0 0.9 0.6 0.3 6.4 0.5 0.3 5.4 6.1 5.331
11.8 10.4 9.6 7.2 7.1 0.0 8.3 8.5 3.2 4.0 5.152
0.0 0.0 0.0 0.0 0.0 0.0 0.0 0.0 5.4 5.8 5.162
0.0 0.0 0.0 0.0 0.0 0.0 0.0 0.0 11.9 14.5 5.952
4.3 1.1 1.6 0.6 7.3 0.0 2.8 4.0 11.3 11.9 6.842
4.5 6.0 3.7 1.3 2.1 0.2 1.0 0.0 15.4 14.8 6.482
0.0 0.0 0.0 0.0 0.0 0.0 0.0 0.0 7.7 8.3 6.122
0.0 0.0 0.0 0.0 0.0 0.0 0.0 0.0 9.3 9.8 5.832
0.0 0.0 1.1 0.0 0.0 0.0 0.0 0.0 13.0 11.7 5.772
11.8 1.8 2.1 1.2 0.4 2.4 3.9 3.3 8.5 9.6 5.312
0.0 0.0 0.0 0.0 0.0 0.0 0.0 0.1 6.2 6.9 4.972
0.0 0.0 0.0 0.0 0.0 0.0 0.0 0.0 4.8 6.2 4.461
7.2 2.7 3.4 1.6 1.6 5.9 5.9 0.0 8.1 7.4 4.405
0.9 1.9 0.6 0.0 0.1 0.0 0.2 0.5 6.3 7.7 4.329
0.0 0.0 0.0 0.0 0.0 0.0 0.0 0.0 8.2 8.2 4.248
6.7 5.4 4.7 1.4 2.0 0.4 4.3 0.0 12.5 13.0 4.158
8.2 0.0 3.2 0.0 2.0 1.8 2.5 0.0 7.7 8.9 4.048
0.0 0.0 0.0 0.0 0.0 0.0 0.0 0.0 10.1 11.1 3.798
0.0 0.0 0.1 0.6 0.0 0.0 0.2 0.2 10.7 9.4 4.128
3.4 0.3 0.3 6.7 1.3 1.4 0.5 11.5 8.8 9.7 4.227
0.1 0.0 0.3 0.0 0.0 0.0 0.0 0.0 10.5 10.9 4.052
0.0 0.0 0.0 0.0 0.0 0.0 0.0 0.0 13.6 12.4 3.83
0.0 0.0 0.0 0.0 0.0 0.0 0.0 0.0 15.9 13.4 3.626
0.0 0.2 0.2 0.0 0.4 0.1 0.0 0.0 14.4 14.0 3.395
0.0 0.0 0.3 8.6 1.5 6.4 1.3 3.5 13.5 13.8 3.235
0.0 0.0 0.5 1.3 0.3 1.4 0.3 0.2 11.3 11.6 2.555
0.0 0.0 0.3 0.0 0.0 0.0 0.0 0.0 11.3 11.4 2.525
0.0 0.9 0.3 0.0 4.3 4.5 4.9 1.5 10.8 11.3 2.655
1.0 0.0 0.4 1.8 0.3 0.1 0.2 0.0 12.5 12.7 2.635
0.6 0.0 1.0 0.9 0.9 1.5 2.0 1.1 13.8 13.7 2.705
0.0 0.0 0.2 0.0 0.1 0.0 0.0 0.5 13.7 12.1 2.675
0.0 0.2 0.0 0.0 0.0 0.0 0.0 0.0 12.4 13.9 2.546
0.0 0.0 0.0 0.0 0.0 0.0 0.0 0.0 14.4 15.1 1.86
0.0 0.0 0.0 0.0 0.0 0.0 0.0 0.0 15.6 15.4 1.721
0.0 0.0 0.0 0.0 0.0 0.0 0.0 0.0 16.3 14.7 1.92
0.0 0.0 0.0 0.0 0.0 0.0 0.0 0.0 17.9 17.8 1.996
0.0 0.0 0.0 0.0 0.0 0.0 0.0 0.0 17.6 18.3 1.905
4.7 0.0 5.4 0.0 0.0 0.0 0.0 0.0 15.8 16.9 1.875
1.2 0.0 0.0 0.0 0.0 0.0 0.2 0.0 17.3 17.3 1.895
3.1 15.3 1.5 0.0 0.0 0.0 0.1 0.3 15.7 18.2 1.805
0.1 0.0 0.5 0.0 0.3 2.5 0.4 0.2 15.7 16.5 1.785
4.0 10.4 3.3 4.6 0.8 5.0 0.5 4.0 17.7 17.9 1.775
22.2 23.6 29.4 25.1 30.1 17.3 25.3 26.0 12.4 12.9 1.809
3.6 3.4 2.1 4.5 1.6 4.5 2.2 2.7 9.9 12.1 2.041
5.3 5.0 4.6 6.8 4.9 5.6 4.5 8.5 10.0 10.9 5.866
9.5 7.2 6.4 5.6 3.4 4.4 3.6 7.5 9.6 10.3 7.171
0.3 1.6 0.9 4.7 0.9 0.4 0.8 0.2 10.9 12.1 6.537
0.4 5.4 3.0 0.0 10.3 4.5 10.3 2.5 11.7 13.4 5.8
1.9 0.0 0.0 0.0 0.0 0.0 0.0 0.0 14.1 10.7 5.855
0.0 0.0 0.0 0.0 0.0 0.0 0.0 0.0 15.2 15.4 6.465
0.0 0.0 0.0 0.0 0.0 0.0 0.0 0.0 17.2 17.2 6.705
0.0 0.0 0.0 0.0 0.0 0.0 0.0 0.0 20.5 21.2 5.525
0.0 0.0 0.0 0.0 0.0 0.0 0.0 0.0 19.0 19.1 4.115
0.0 0.0 0.0 0.0 0.0 0.0 0.0 0.0 20.7 19.8 2.825
0.0 0.0 0.0 0.0 0.0 0.0 0.0 0.0 23.6 22.3 2.115
1.9 0.0 0.8 0.0 0.3 0.0 0.0 0.0 24.0 25.6 2.155
0.0 0.0 0.0 0.0 0.0 0.0 0.0 0.0 22.8 23.6 2.175
0.0 0.0 0.0 0.0 0.0 0.0 0.0 0.0 23.3 22.4 2.145
14.4 19.4 0.0 2.5 0.2 0.0 0.0 0.5 21.0 20.9 2.325
13.4 19.8 6.0 25.5 1.1 3.0 0.1 9.0 17.4 19.0 2.235
0.0 0.0 0.0 0.0 0.0 0.0 0.0 0.0 17.7 18.9 2.41
0.0 0.0 0.0 0.0 0.0 0.0 0.0 0.0 19.4 19.7 5.417
0.0 0.0 0.1 0.0 0.0 0.0 0.0 0.0 20.3 18.6 5.092
0.6 0.0 0.5 0.5 1.9 1.6 1.1 0.0 17.4 19.0 3.88
1.0 0.0 0.0 0.0 0.0 0.0 0.0 0.0 20.0 22.2 3.22
0.0 0.0 2.9 0.8 0.5 0.0 0.2 0.0 21.0 22.0 2.768
1.2 0.0 0.2 0.0 0.2 0.0 0.0 0.0 17.6 18.2 2.468
0.8 1.0 0.7 0.0 0.6 0.3 0.6 0.0 13.9 16.2 2.178
0.1 0.0 0.0 0.0 0.0 0.7 0.0 0.0 11.5 12.8 1.896
0.0 0.0 0.0 0.0 0.0 0.0 0.0 0.0 13.3 15.0 1.677
1.6 0.8 2.3 0.6 0.4 0.8 0.3 2.4 12.1 13.6 1.595
2.2 2.4 1.9 2.1 2.5 3.7 3.0 8.0 13.0 14.2 1.545
0.0 0.0 0.0 0.0 0.0 0.0 0.0 0.0 16.3 18.1 1.525
0.0 0.0 0.0 0.0 0.0 0.0 0.0 0.0 17.9 19.2 1.555
0.1 0.0 0.0 0.0 0.0 0.0 0.0 0.0 19.8 19.5 1.565
0.0 0.0 0.0 0.0 0.0 0.0 0.0 0.0 18.9 22.1 1.174
0.0 0.0 0.0 0.0 0.0 0.0 0.0 0.0 18.3 20.8 0.965
0.3 0.8 0.5 0.7 0.7 0.0 2.2 0.5 24.2 24.7 0.998
0.0 7.1 5.9 0.0 1.8 2.4 11.2 1.5 22.7 22.9 1.046
0.0 0.0 0.0 0.0 0.0 0.0 0.0 0.0 20.2 21.3 1.005
25.9 9.5 11.9 28.6 20.8 20.2 19.8 18.0 21.7 21.7 0.918
0.0 0.0 0.0 0.0 0.1 0.0 0.0 0.0 19.4 20.7 0.895
0.0 0.0 0.0 0.0 0.0 0.0 0.0 0.0 19.4 19.9 1.309
0.0 0.0 0.0 0.0 0.0 0.0 0.0 0.0 18.1 21.6 1.737
0.0 0.0 0.0 0.0 0.0 0.0 0.0 0.0 20.8 22.6 1.66
0.0 0.0 0.0 0.0 0.0 0.0 0.0 0.0 20.4 21.1 1.565
0.0 0.0 0.0 0.0 0.0 0.0 0.0 0.0 20.8 20.1 1.493
0.0 0.0 0.0 0.0 0.0 0.0 0.0 0.0 24.5 24.5 1.23
20.6 10.6 20.5 21.1 15.8 36.6 35.1 29.0 23.1 23.3 1.127
3.3 8.0 2.9 7.6 8.6 5.4 4.2 12.6 16.5 18.1 1.172
0.0 0.0 0.0 0.0 5.3 0.0 0.0 0.0 15.8 16.8 1.745
2.1 3.1 2.3 0.6 1.9 1.5 2.2 3.0 20.0 21.6 2.925
3.5 2.4 4.5 8.6 7.4 6.7 6.2 10.5 16.5 17.6 2.725
0.6 3.3 0.5 0.0 1.7 0.3 0.6 0.0 16.6 18.5 2.325
0.2 0.0 0.2 0.0 0.0 0.1 0.0 1.5 16.6 17.1 2.115
0.5 0.4 1.1 0.0 0.6 0.2 0.2 0.0 15.6 17.3 1.895
11.8 8.8 9.8 31.2 15.7 12.2 12.4 14.5 21.6 23.0 1.725
2.3 0.0 2.0 1.6 1.2 0.0 0.9 0.3 18.0 19.2 1.615
16.5 11.8 5.1 1.2 4.6 6.5 8.4 15.0 16.2 17.0 1.775
0.0 0.0 0.2 0.0 0.0 0.0 0.0 0.0 16.6 17.5 1.915
0.0 0.0 0.0 0.0 0.0 0.0 0.0 0.0 17.9 19.3 1.935
1.2 0.2 0.0 0.0 0.0 1.0 0.1 0.0 19.4 21.0 2.035
0.5 5.6 2.1 0.0 0.3 0.3 0.0 0.3 14.9 15.8 1.854
0.4 2.5 1.7 3.2 3.8 2.9 4.2 5.6 15.6 16.1 1.619
0.6 1.2 2.2 0.0 1.0 0.0 0.2 0.7 17.4 18.7 1.514
2.0 0.0 0.2 0.0 0.8 0.0 2.2 0.0 18.7 20.3 1.503
0.0 0.0 0.3 0.0 0.0 0.0 0.0 0.0 13.1 15.7 1.411
1.0 12.7 3.9 4.4 4.2 2.5 10.5 3.7 13.4 14.7 1.228
0.0 0.0 0.0 0.0 0.1 0.0 0.0 0.0 18.6 19.0 1.16
0.2 2.3 4.3 5.1 4.0 5.9 4.2 3.0 18.0 18.4 1.142
0.1 0.0 0.0 0.0 0.4 0.0 0.0 0.0 22.1 19.9 1.152
0.0 0.0 0.0 0.0 0.0 0.0 0.0 0.0 24.4 23.4 1.171
0.0 0.0 0.0 0.0 0.0 0.0 0.0 0.0 24.1 23.8 1.166
0.0 0.0 0.0 0.0 0.0 0.0 0.0 0.0 23.9 25.5 1.09
0.0 0.0 0.0 0.0 0.0 0.0 0.0 0.0 24.9 22.6 0.987
0.0 0.0 0.0 3.8 0.0 0.0 0.0 0.5 24.5 25.3 0.768
0.0 0.0 0.0 0.0 0.0 0.0 0.0 0.0 24.9 25.5 0.577
0.0 0.3 0.0 2.1 0.0 0.0 0.0 2.0 24.7 24.9 0.595
0.0 0.0 0.0 0.0 0.0 0.0 0.0 0.0 20.2 21.2 0.606
0.0 0.0 0.0 0.0 0.0 0.0 0.0 0.0 21.1 23.3 0.534
0.3 0.6 1.2 1.1 0.6 1.8 0.3 0.0 19.2 20.4 0.515
0.0 0.0 0.0 0.0 0.0 0.0 0.0 0.0 18.9 20.6 0.63
0.0 0.0 0.0 0.0 0.0 0.0 0.0 0.0 18.7 18.4 0.491
3.1 0.9 1.0 1.2 1.7 1.8 3.3 0.0 24.0 24.8 0.405
6.7 1.7 5.7 0.9 6.2 0.0 0.0 1.0 19.3 20.6 0.445
0.0 0.0 2.2 0.0 0.5 0.0 0.2 0.0 14.6 16.9 0.368
0.0 0.0 0.0 0.0 0.0 0.0 0.0 0.0 18.9 17.8 0.359
2.7 13.1 7.4 8.2 2.2 5.0 4.5 6.0 21.0 21.7 0.463
1.7 3.5 1.3 0.0 0.5 0.2 0.5 1.8 23.0 23.8 0.51
0.0 0.0 0.0 0.0 0.1 0.0 0.1 0.0 18.1 19.2 0.513
3.5 1.8 1.7 1.8 0.0 4.2 2.5 0.0 21.7 20.0 0.588
33.5 11.3 20.7 28.8 32.2 18.2 27.9 16.0 15.1 14.8 0.529
2.6 7.4 4.6 5.8 6.0 6.2 3.5 8.8 12.2 13.2 0.531
1.2 0.0 0.1 0.0 0.0 0.0 0.0 0.0 14.6 15.8 0.889
0.0 0.0 0.0 0.0 0.0 0.0 0.0 0.0 18.8 17.6 1.369
2.1 1.7 2.3 1.6 2.4 0.0 1.9 2.0 23.3 24.3 1.379
0.0 0.0 0.1 0.0 0.0 1.4 0.0 0.0 17.8 17.8 1.191
0.0 0.0 0.0 0.0 0.0 1.2 0.0 0.0 18.1 18.5 1.113
0.8 5.8 1.7 2.5 4.0 0.0 2.1 0.0 21.8 20.5 0.96
0.4 1.7 0.0 0.0 0.0 0.2 0.0 0.0 15.7 17.5 0.54
1.7 1.7 1.4 0.0 0.4 0.0 0.4 0.0 12.6 13.8 0.447
0.2 0.0 0.3 0.0 0.0 0.0 0.0 0.0 16.0 17.0 0.413
0.0 0.0 0.0 0.0 0.0 0.0 0.0 0.0 17.3 16.5 0.5
0.0 0.0 0.0 0.0 0.0 0.0 0.0 0.0 18.9 19.9 0.492
0.0 0.0 0.0 0.0 0.0 0.0 0.0 0.0 18.0 19.1 0.584
0.2 0.0 0.0 0.0 0.0 0.0 0.0 0.0 16.9 17.9 0.537
0.0 0.0 0.0 0.0 0.0 0.0 0.0 0.0 15.8 17.0 0.46
0.0 0.0 0.0 0.0 0.0 0.0 0.0 0.0 18.2 18.7 0.485
0.0 0.0 0.0 0.0 0.0 0.0 0.0 0.0 19.0 18.6 0.436
0.0 0.0 0.0 0.0 0.0 0.0 0.0 0.0 20.4 20.5 0.558
0.2 0.0 0.4 0.0 0.1 0.0 0.0 0.0 22.5 22.1 0.728
0.2 0.0 0.2 0.0 0.2 4.6 0.2 0.0 17.7 18.3 0.551
0.1 0.0 0.0 0.0 0.0 0.0 0.0 0.0 20.3 19.6 0.531
0.1 0.0 0.0 0.0 0.0 0.0 0.0 0.0 25.0 24.8 0.599
3.3 1.4 2.4 3.6 2.6 4.0 3.3 1.9 17.0 17.7 0.515
0.0 0.0 0.0 0.0 0.5 0.0 0.0 0.0 15.5 17.3 0.454
0.0 0.0 0.0 0.0 0.0 0.0 0.0 0.0 17.2 15.9 0.458
0.4 0.0 0.4 0.6 0.1 0.0 0.1 0.2 19.2 18.5 0.53
0.0 0.0 0.0 0.0 0.0 0.0 0.0 0.0 19.9 19.9 0.528
0.0 0.0 0.0 0.0 0.0 0.0 0.0 0.0 15.9 16.1 0.528
0.0 0.0 0.0 0.0 0.0 0.0 0.0 0.0 11.1 12.4 0.432
1.7 0.0 0.3 1.1 0.9 6.2 1.3 0.0 9.7 9.7 0.383
3.1 3.1 3.4 6.1 3.8 0.0 5.3 1.5 9.4 10.6 0.328
0.0 0.0 0.0 0.0 0.0 0.0 0.0 0.0 8.3 9.4 0.291
0.0 0.0 0.0 0.0 0.0 0.0 0.0 0.0 8.4 9.2 0.301
0.0 0.0 0.0 0.0 0.0 0.0 0.0 0.0 10.1 9.8 0.341
0.0 0.0 0.0 0.0 0.0 0.0 0.0 0.0 10.0 10.3 0.34
0.5 0.0 0.0 0.0 0.0 0.4 0.0 0.0 10.2 10.8 0.355
3.4 1.1 1.0 0.9 0.1 1.5 1.4 0.1 10.0 11.4 0.371
0.5 0.0 0.0 0.0 0.3 0.0 0.0 0.0 9.6 10.4 0.371
1.3 0.2 0.5 0.0 0.2 0.2 0.5 0.0 10.5 11.5 0.386
0.1 1.7 0.2 1.1 1.0 1.6 0.5 2.4 10.6 11.0 0.409
0.0 0.0 0.0 0.0 0.0 0.0 0.0 0.0 10.8 11.8 0.494
0.0 0.0 0.0 0.0 0.0 0.0 0.0 0.0 11.2 10.6 0.501
0.0 0.0 0.0 0.0 0.0 0.0 0.0 0.0 12.0 10.2 0.489
0.0 0.0 0.0 0.0 0.0 0.0 0.0 0.0 10.4 10.2 0.521
0.7 1.1 0.6 0.0 0.3 0.0 0.2 1.0 11.6 11.6 0.592
15.9 5.7 4.1 9.6 3.8 6.7 4.6 10.0 10.5 11.4 0.673
5.3 1.6 1.5 1.2 1.5 0.0 2.1 0.8 12.8 13.4 1.138
0.0 0.0 0.0 0.0 0.0 1.0 0.0 0.0 11.1 11.9 1.536
0.1 0.0 0.4 0.0 0.3 0.0 0.0 4.1 8.5 7.9 1.715
0.0 0.0 0.0 0.0 0.0 0.4 0.0 0.0 7.3 7.5 1.793
0.0 0.0 0.0 0.0 0.0 0.0 0.0 0.0 8.9 8.8 2.135
1.6 1.7 1.6 0.8 2.2 1.5 2.3 0.1 11.5 13.2 1.98
0.0 0.0 0.0 0.0 0.0 0.0 0.0 0.0 9.9 11.3 1.762
0.0 0.0 0.0 0.0 0.0 0.0 0.0 0.0 13.4 11.3 3.384
1.1 1.3 0.2 1.9 0.6 0.6 0.6 3.5 13.1 12.7 3.95
0.0 0.0 0.1 0.0 0.0 0.2 0.0 0.0 11.7 12.6 3.861
0.0 0.0 0.1 0.0 0.0 0.0 0.0 0.4 11.3 10.4 3.806
0.2 0.0 0.1 0.0 0.0 0.4 0.0 0.0 8.5 9.2 3.669
0.3 1.1 0.3 0.0 0.0 0.2 0.5 0.0 10.2 7.9 3.359
0.6 0.8 0.0 0.0 0.0 0.0 0.0 0.0 13.1 13.2 2.405
1.3 0.0 1.4 0.0 0.9 0.7 0.9 2.0 13.1 13.7 1.575
8.4 7.8 7.2 8.1 7.4 7.8 9.0 7.5 10.9 12.0 1.364
0.1 0.0 0.1 0.0 0.0 0.3 0.0 0.0 7.8 8.7 1.333
0.0 0.0 0.0 0.0 0.0 0.0 0.0 0.0 7.5 8.7 1.271
0.0 0.0 0.0 0.0 0.0 0.0 0.0 0.0 7.0 7.4 0.334
0.0 0.0 0.0 0.0 0.0 0.0 0.0 0.0 9.6 9.4 0.322
0.0 0.0 0.0 0.0 0.0 0.0 0.0 0.0 12.2 11.4 0.272
9.5 8.9 10.0 9.8 7.3 6.8 7.6 9.0 10.7 11.1 0.277
0.0 0.0 0.0 0.0 0.1 0.2 0.0 0.0 5.6 5.5 0.278
0.0 0.0 0.0 0.0 0.0 0.3 0.0 0.0 5.3 4.0 0.275
0.1 0.0 0.0 0.0 0.0 0.2 0.0 0.0 4.0 4.4 0.259
0.0 0.0 0.0 0.0 0.0 0.0 0.0 0.0 4.5 4.3 0.254
4.2 4.6 3.6 4.2 2.4 3.2 1.8 5.9 7.6 8.3 0.262
10.1 13.7 9.3 6.4 6.2 5.2 7.8 6.8 8.9 9.0 0.251
18.0 20.2 13.7 9.6 9.0 6.9 9.9 13.0 6.6 7.5 0.356
2.8 0.0 2.9 5.6 2.4 2.9 2.2 0.0 4.6 5.8 0.477
0.0 0.0 0.0 0.0 0.0 0.0 0.0 0.0 8.9 8.8 1.108
0.0 0.0 0.0 0.0 0.0 0.0 0.0 0.0 12.8 10.6 1.888
0.0 0.0 0.0 0.0 0.0 0.0 0.0 0.0 12.6 9.7 2.66
0.0 0.0 0.0 0.0 0.0 0.0 0.0 0.0 13.7 11.5 2.314
0.0 0.0 0.0 0.0 0.0 0.0 0.0 0.0 12.6 8.3 2.129
0.0 0.0 0.0 0.0 0.0 0.0 0.0 0.0 14.8 13.5 1.77
0.0 0.0 0.0 0.0 0.0 0.0 0.0 0.0 14.2 11.1 1.586
19.1 17.7 15.5 11.2 1.6 14.0 14.7 11.0 12.4 12.1 1.502
7.4 3.7 7.3 5.6 1.1 6.4 7.2 7.0 8.6 9.3 1.494
0.1 0.0 0.1 0.0 0.7 0.0 0.0 0.0 9.1 8.9 1.629
0.0 0.0 0.0 0.0 0.5 0.0 0.0 0.0 9.2 7.9 2.249
0.0 0.0 0.0 0.0 0.3 0.0 0.0 0.0 7.9 7.1 2.886
1.9 1.3 2.2 3.3 14.0 0.5 2.2 0.0 6.3 6.7 2.696
0.0 0.0 0.0 0.0 0.0 0.3 0.0 0.0 5.3 5.8 2.327
0.0 0.0 0.0 0.0 0.0 0.1 0.4 0.0 2.6 3.8 2.075
0.1 0.6 0.0 0.0 0.0 0.0 0.0 0.0 6.5 5.9 1.855
0.6 0.5 1.3 0.0 0.8 1.4 1.7 0.1 7.1 8.4 1.605
0.0 0.0 0.0 0.0 0.0 0.0 0.0 3.0 1.6 2.0 1.325
4.7 3.2 3.6 2.2 2.2 2.7 2.4 2.3 0.2 -0.4 1.192
1.5 0.6 1.1 0.0 0.4 0.4 0.7 0.0 4.7 5.9 1.084
17.1 6.9 8.2 9.2 12.6 10.3 12.0 9.0 5.5 7.1 0.983
6.1 3.6 5.9 6.8 1.9 5.5 2.7 7.5 0.9 2.4 1.084
3.4 3.5 4.7 4.2 4.0 4.6 3.3 0.0 -1.8 -0.7 1.647
3.4 2.8 3.9 0.0 0.5 0.1 1.3 2.0 -2.1 -0.9 2.486
0.6 0.6 0.2 0.0 0.1 0.0 0.0 0.0 -0.9 0.5 2.967
0.1 0.3 0.1 0.0 0.0 0.0 0.0 0.0 -1.2 0.3 3.012
0.0 0.8 0.8 0.0 0.1 0.1 0.1 0.2 0.7 1.7 2.74
0.3 0.0 0.0 0.0 0.0 0.0 0.0 0.0 1.9 3.2 2.596
2.2 1.0 1.2 0.0 0.9 0.6 2.4 0.1 0.9 1.1 2.395
0.1 0.0 0.0 0.0 0.0 0.0 0.0 0.0 1.8 2.6 2.355
0.0 0.0 0.0 0.0 0.0 0.0 0.0 0.0 5.4 4.2 2.495
2.8 0.0 0.9 0.0 0.3 0.0 0.2 0.0 7.6 8.0 2.425
0.0 0.0 0.0 0.0 0.0 0.0 0.0 0.0 3.5 4.3 2.205
0.0 0.0 0.0 0.0 0.2 0.0 0.3 0.0 2.3 2.8 2.035
0.0 0.8 0.0 0.0 0.0 0.0 0.0 0.0 2.4 2.3 2.045
0.3 0.0 0.3 0.6 0.4 0.9 0.4 0.6 3.3 3.4 2.035
1.0 0.4 0.7 1.8 1.1 1.7 3.2 0.2 3.6 4.2 1.955
0.2 2.2 0.4 0.0 0.5 0.2 0.5 2.3 2.7 3.6 1.835
0.0 0.0 0.0 0.0 0.0 0.0 0.0 0.0 1.7 2.8 1.645
0.0 0.0 0.0 0.0 0.0 0.0 0.0 0.0 0.3 -1.3 1.625
0.0 0.0 0.1 0.0 0.0 0.1 0.1 0.0 1.7 2.0 1.555
8.1 8.3 6.5 5.6 5.0 5.2 6.0 6.5 3.5 3.6 1.485
6.3 5.9 5.4 4.2 2.7 4.3 0.0 0.8 1.2 1.9 1.455
0.0 0.0 0.0 0.0 0.0 0.0 0.0 0.0 3.5 3.9 1.475
0.0 0.0 0.0 0.0 0.0 0.0 0.0 0.0 5.2 5.6 1.785
0.0 0.0 0.0 0.0 0.0 0.0 0.0 0.0 6.1 6.5 2.365
0.4 0.0 0.0 0.0 0.0 0.0 0.0 0.0 5.6 6.4 2.545
4.0 5.4 3.9 3.1 3.6 0.8 3.9 4.4 6.0 6.5 2.515
2.6 0.0 1.7 0.0 0.5 3.4 2.1 1.0 2.7 3.1 2.355
0.9 0.4 0.7 0.0 0.0 0.6 0.2 0.5 2.1 3.1 2.255
2.6 4.1 4.4 4.5 2.7 2.4 3.4 0.4 2.6 3.6 2.415
0.1 0.4 0.2 0.0 0.0 0.0 0.0 0.0 3.6 4.8 2.455
1.6 1.8 1.9 3.1 2.6 4.0 1.7 5.3 6.6 7.3 2.49
0.1 1.4 0.0 0.0 0.3 0.0 0.5 0.0 2.7 3.3 2.972
1.6 2.5 2.5 2.8 1.4 1.0 3.0 0.3 2.7 3.4 3.237
0.0 0.0 0.0 0.0 0.0 0.0 0.0 0.0 -1.0 0.3 3.477
0.0 0.0 0.0 0.0 0.0 0.0 0.0 0.0 -2.5 -1.3 3.517
0.0 0.0 0.0 0.0 0.0 0.0 0.0 0.0 -2.3 -1.6 3.394
0.0 0.0 0.0 0.0 0.0 0.0 0.0 0.0 -4.1 -4.6 3.163
0.0 0.0 0.0 0.0 0.0 0.0 0.0 0.0 -2.4 -4.4 2.9
0.0 0.0 0.0 0.0 0.0 0.0 0.0 0.0 -2.6 -3.2 2.92
0.0 0.0 0.0 0.0 0.0 0.0 0.0 0.0 -4.7 -4.5 2.84
0.4 0.0 0.0 0.0 0.0 0.0 0.0 0.0 -4.7 -4.1 2.14
0.9 0.1 0.3 0.0 0.1 0.7 0.8 0.0 -4.8 -2.9 1.816
1.0 1.2 0.4 0.0 0.2 0.5 0.4 0.0 -8.7 -8.9 1.856
5.5 6.8 9.2 6.5 3.5 7.4 8.8 7.5 -3.6 -2.4 1.836
1.9 3.1 2.0 3.5 1.6 2.9 2.5 1.5 -4.6 -3.7 1.966
0.0 0.0 0.1 0.0 0.0 3.0 0.0 0.1 -10.4 -12.8 2.266
0.4 0.1 0.2 0.0 0.1 0.3 0.2 0.0 -8.7 -7.1 2.086
0.0 0.1 0.0 0.0 0.0 0.0 0.0 0.0 -8.9 -8.6 1.986
0.0 0.0 0.0 0.0 0.0 0.0 0.0 0.0 -10.0 -11.7 1.856
0.0 0.0 0.0 0.0 0.0 0.0 0.0 0.0 -8.5 -8.0 1.786
0.0 0.0 0.0 0.0 0.0 0.0 0.0 0.0 -8.4 -11.7 1.729
0.0 0.0 0.0 0.0 0.0 0.0 0.0 0.0 -7.6 -10.0 1.921
0.0 0.0 0.0 0.0 0.0 0.0 0.0 0.0 -7.4 -8.4 2.105
2.6 0.2 0.5 0.0 0.5 1.4 1.5 0.0 -6.9 -7.3 1.653
0.0 0.0 0.0 0.0 0.0 0.0 0.0 0.3 -4.5 -3.3 1.958
0.0 0.0 0.1 0.0 0.0 0.0 0.0 0.0 -6.7 -3.3 1.669
2.9 1.8 2.4 2.2 1.3 2.0 1.4 1.6 -4.0 -3.2 1.409
5.6 2.2 2.7 0.9 1.6 1.3 2.0 0.0 -0.7 -0.3 1.417
0.7 1.7 0.4 0.7 0.7 0.2 0.1 3.0 1.7 2.8 1.336
2.7 1.0 0.9 0.6 0.4 0.3 0.7 1.0 1.8 1.8 1.508
1.7 1.1 0.5 0.0 0.1 0.6 1.1 0.0 1.3 1.2 1.558
0.0 0.0 0.0 0.0 0.0 0.0 0.0 0.0 0.2 2.1 1.548
8.4 5.8 6.1 4.5 4.5 5.5 5.9 4.8 1.5 2.1 1.626
0.0 0.0 0.0 0.0 0.0 0.0 0.0 0.0 2.0 3.0 1.817
0.0 0.0 0.0 0.0 0.0 0.0 0.0 0.0 0.6 -0.7 2.139
0.0 0.0 0.0 0.0 0.0 0.0 0.1 0.0 2.8 1.4 2.981
0.0 0.0 0.0 0.0 0.0 0.0 0.0 0.0 1.3 1.9 3.345
0.0 0.0 0.0 0.0 0.0 0.0 0.0 0.0 0.7 1.0 2.985
0.0 0.0 0.0 0.0 0.0 0.0 0.0 0.0 -0.1 0.7 2.673
0.2 0.0 0.0 0.0 0.0 0.1 0.1 0.3 -1.1 -0.2 2.4
0.0 0.0 0.0 0.0 0.2 0.2 0.3 0.0 -1.0 -0.5 2.198
0.0 0.0 0.0 0.0 0.0 0.0 0.0 0.0 -1.3 -0.9 2.203
0.0 0.0 0.0 0.0 0.0 0.0 0.0 0.0 2.6 3.0 1.598
1.2 0.3 0.3 0.0 0.0 0.0 0.2 0.0 2.7 3.4 1.395
0.0 0.0 0.0 0.0 0.0 0.2 0.1 0.0 1.7 1.9 1.524
0.0 0.0 0.0 0.0 0.0 0.0 0.0 0.0 1.3 1.5 1.944
0.0 0.0 0.0 0.0 0.0 0.0 0.0 0.0 4.2 3.7 3.092
0.4 1.1 0.0 0.0 0.0 3.8 0.0 0.0 7.6 5.6 4.654
8.8 0.0 6.1 4.9 3.1 4.5 10.4 3.8 1.0 1.7 4.086
0.0 0.0 0.0 0.0 0.0 0.0 0.0 0.0 -0.4 -0.1 4.626
7.4 6.0 5.9 2.4 5.0 5.4 6.8 3.5 1.3 2.2 6.456
0.4 3.2 2.2 2.6 0.2 0.1 0.9 0.4 -1.2 0.2 7.956
0.0 0.8 0.0 0.0 0.0 0.0 0.0 0.0 -3.2 -1.8 7.191
0.0 0.0 0.0 0.0 0.0 0.0 0.0 0.0 -2.7 -1.5 6.59
0.0 0.0 0.0 0.0 0.0 0.0 0.0 0.0 -2.7 -2.3 5.877
1.5 3.8 2.0 2.4 1.1 1.6 0.9 3.6 -2.9 -1.6 4.485
8.9 6.2 10.0 9.2 5.7 16.3 14.5 5.6 -1.9 -1.4 3.195
0.6 0.0 0.0 0.0 0.0 0.0 0.0 1.2 -4.0 -3.6 3.345
0.0 0.2 0.0 0.0 0.0 0.0 0.0 0.5 -3.8 -3.5 3.435
0.7 1.1 0.2 1.8 0.3 0.5 0.4 1.0 -4.7 -3.5 2.905
1.5 1.5 1.1 2.3 1.1 3.4 2.6 4.0 -1.4 -0.1 2.675
0.4 0.7 0.0 1.1 0.1 0.3 0.1 0.2 -2.1 -0.7 2.715
4.8 5.6 7.0 4.4 2.8 3.9 4.7 3.3 -1.0 0.3 2.705
0.8 0.8 0.8 4.5 0.3 1.8 0.6 10.0 1.3 2.4 2.555
0.3 0.0 0.0 0.0 0.0 0.4 0.0 0.0 1.1 2.0 2.671
0.0 0.0 0.0 0.0 0.0 0.0 0.0 0.0 1.5 2.6 3.549
6.6 6.9 7.0 5.5 5.0 6.9 7.5 5.5 1.3 3.2 5.517
0.3 3.9 3.0 4.3 3.0 4.0 4.4 5.6 2.4 4.3 8.521
1.3 0.7 0.6 1.7 0.6 0.8 0.7 2.5 3.4 5.0 13.029
0.1 0.0 0.2 0.0 0.0 0.3 0.6 0.0 4.5 5.9 26.767
0.0 0.0 0.0 0.0 0.1 0.0 0.0 0.2 4.1 5.1 33.153
0.0 0.0 0.0 0.0 0.0 0.0 0.0 0.0 4.9 6.0 31.347
0.0 0.0 0.0 0.0 0.0 0.0 0.0 0.0 5.8 6.5 26.274
5.6 5.5 3.3 4.8 4.9 5.7 5.4 5.3 8.2 8.5 20.97
0.1 0.0 0.0 0.0 0.0 0.0 0.0 0.0 6.9 7.5 17.793
0.0 0.0 0.0 0.0 0.0 0.0 0.2 5.0 4.0 5.2 18.495
1.4 5.0 3.9 3.8 2.9 5.0 4.8 0.5 4.1 5.2 19.001
2.0 6.4 1.5 3.1 0.2 1.4 4.2 2.2 3.1 4.3 14.861
12.7 8.7 9.6 8.2 6.5 1.6 10.0 6.3 3.9 4.7 12.576
1.5 2.6 4.1 1.4 1.5 8.4 3.3 3.5 3.1 4.5 12.468
2.7 5.8 5.7 4.6 2.5 0.6 4.7 6.5 3.1 4.2 13.376
0.4 0.7 0.7 3.8 0.8 2.6 0.0 0.0 4.8 5.6 22.667
0.6 1.3 0.9 0.0 0.4 0.9 0.4 4.0 6.5 7.0 22.374
0.7 0.0 0.5 3.5 1.6 0.8 2.9 2.0 6.2 7.2 24.174
0.2 0.7 0.0 1.6 0.0 0.0 0.0 0.8 4.7 4.7 21.674
0.4 0.0 2.2 0.9 0.8 1.1 3.5 0.0 3.8 6.1 17.974
0.6 2.8 0.5 1.1 2.8 0.8 0.0 0.0 4.0 5.0 15.074
0.7 0.0 0.4 0.0 0.6 0.0 0.1 2.0 1.3 2.4 12.869
0.0 0.0 0.0 0.0 0.0 0.0 0.0 0.0 0.1 1.6 10.699
0.0 0.0 0.0 0.0 0.0 0.0 0.0 0.0 2.0 2.6 9.18
5.1 3.5 4.1 1.8 1.1 2.3 1.6 0.0 3.8 4.3 8.838
11.0 5.2 6.8 8.3 6.8 6.0 7.8 9.5 5.3 6.3 7.646
0.9 1.1 0.9 2.3 2.2 1.8 1.6 2.0 0.1 1.7 6.387
3.4 3.2 2.7 2.1 1.5 2.1 2.2 1.5 -0.1 0.7 8.464
4.6 0.7 1.8 2.6 1.2 1.2 5.4 2.5 2.8 3.8 12.169
6.2 1.0 0.8 2.4 1.1 0.0 1.2 2.0 6.7 8.3 11.5
3.6 0.0 1.9 1.8 1.9 1.2 1.7 4.0 8.5 9.2 10.983
2.2 2.2 2.5 3.2 1.9 4.9 3.4 0.0 6.2 7.3 11.987
0.0 0.0 0.0 0.0 0.1 0.1 0.0 0.0 5.6 6.7 12.048
0.0 0.0 0.0 0.0 0.0 0.0 0.0 0.0 7.3 6.6 11.753
0.0 0.0 0.0 0.0 0.0 0.0 0.0 0.0 10.4 9.8 11.553
0.0 0.0 0.0 0.0 0.0 0.0 0.0 0.0 11.9 11.7 10.653
0.0 0.0 0.0 0.0 0.0 0.0 0.0 0.0 14.5 13.1 9.523
0.0 0.0 0.0 0.0 0.0 0.0 0.0 0.0 15.5 13.6 7.323
0.0 0.0 0.0 0.0 0.0 0.0 0.0 0.0 13.3 14.7 6.333
0.0 0.0 0.0 0.0 0.0 0.0 0.0 0.0 14.5 15.4 6.293
0.0 0.0 0.0 0.0 0.0 0.0 0.0 0.0 16.7 15.3 5.543
0.0 0.0 0.0 0.0 0.0 0.0 0.0 0.0 17.7 15.7 4.953
0.0 0.0 0.0 0.0 0.0 0.0 0.0 0.0 15.1 15.6 5.073
0.0 0.0 0.0 0.0 0.0 0.0 0.0 0.0 17.6 16.9 4.993
0.0 0.0 0.0 0.0 0.0 0.0 0.0 0.0 16.5 16.9 5.183
0.0 0.0 0.0 0.0 0.0 0.0 0.0 0.0 14.5 13.6 4.851
0.0 0.0 0.0 0.0 0.0 0.0 0.0 0.0 14.2 14.2 3.993
0.0 0.0 0.0 0.0 0.0 0.0 0.0 0.0 15.0 13.9 2.834
0.0 0.0 0.0 0.0 0.0 0.0 0.0 0.0 16.3 13.9 3.211
0.0 0.0 0.0 0.0 0.0 0.0 0.0 0.0 16.3 15.9 3.284
2.9 0.8 0.7 0.0 0.0 0.6 2.0 2.0 10.5 11.0 3.294
0.0 0.0 0.0 0.0 0.0 0.0 0.0 0.0 10.1 10.2 3.174
0.0 0.0 0.0 0.0 0.0 0.0 0.0 0.0 12.2 12.5 3.064
0.0 0.0 0.0 0.0 0.0 0.0 0.0 0.0 14.7 13.8 2.501
0.0 0.0 0.0 0.0 0.0 0.0 0.0 0.0 13.5 14.3 2.364
2.5 0.5 1.3 3.4 3.8 5.2 5.6 3.5 12.7 12.8 2.451
0.0 0.0 0.0 0.0 0.0 0.0 0.0 0.0 9.5 9.3 2.401
0.0 0.0 0.0 0.0 0.0 0.0 0.0 0.0 13.7 13.1 2.271
0.0 0.0 0.0 0.0 0.0 0.0 0.0 0.0 16.1 16.0 2.161
0.0 0.0 0.0 0.0 0.0 0.0 0.0 0.0 16.3 17.1 2.228
0.0 0.0 0.0 0.0 0.0 0.0 0.0 0.0 15.8 15.6 2.319
0.0 0.0 0.0 0.0 0.0 0.0 0.0 0.0 17.2 17.7 2.186
0.0 0.0 0.0 0.0 0.0 0.5 0.0 0.0 14.5 16.9 2.176
0.0 0.0 0.0 0.0 0.0 0.0 0.0 0.0 16.1 16.7 2.162
0.0 0.0 0.0 0.0 0.0 0.0 0.0 0.0 15.9 15.4 1.968
0.0 0.0 0.0 0.0 0.0 0.0 0.0 0.0 15.3 15.4 1.714
0.0 0.0 0.0 0.0 0.0 0.0 0.0 0.0 14.2 14.8 1.594
0.9 0.0 1.7 1.3 1.0 1.9 1.4 0.0 9.7 9.4 1.619
2.1 1.6 2.7 0.0 1.8 0.4 2.2 2.0 9.6 10.4 1.561
7.6 2.3 6.6 0.0 5.0 3.9 2.1 3.5 10.4 12.1 1.555
0.0 0.0 0.0 0.0 0.0 0.0 0.0 0.0 12.9 14.5 1.585
3.5 5.3 2.8 1.1 0.6 0.5 0.3 0.5 17.1 17.0 1.675
0.0 0.0 0.0 0.0 0.0 0.0 0.0 0.0 16.8 17.0 1.765
3.1 4.7 4.5 0.9 5.4 0.0 5.1 4.5 17.4 17.5 1.721
4.4 9.2 11.2 6.3 8.4 6.4 12.4 7.8 11.9 13.2 1.769
0.0 0.0 0.0 0.0 0.0 0.0 0.0 0.0 12.5 13.6 1.878
0.0 0.4 0.0 0.0 0.0 0.0 0.0 0.0 12.4 12.2 2.132
0.0 5.0 0.0 0.0 0.0 0.0 0.0 0.0 12.2 13.4 2.176
1.4 0.0 1.0 5.6 0.6 0.3 0.5 6.8 14.4 15.0 2.016
3.7 6.5 4.8 0.0 4.7 3.0 3.8 2.5 12.7 14.7 1.846
0.0 4.2 0.0 0.0 0.0 0.0 0.0 0.0 18.4 17.7 1.836
8.8 1.0 34.6 2.9 13.1 0.2 1.7 0.0 18.7 18.9 1.776
11.7 0.0 6.5 12.1 5.0 4.8 4.8 0.0 15.5 16.8 1.414
0.0 0.0 0.0 0.0 0.0 0.0 0.0 0.0 18.5 20.1 1.452
0.1 0.0 0.0 0.0 0.0 0.0 0.0 0.0 21.1 20.0 1.782
8.6 15.8 3.0 17.3 2.0 13.2 3.5 11.2 12.9 14.5 1.864
0.0 0.0 0.0 0.0 0.0 0.0 0.0 0.0 13.5 14.1 1.806
0.0 0.0 0.0 0.0 0.0 0.0 0.0 0.0 17.7 19.6 1.816
0.0 0.0 0.0 0.0 0.0 0.0 0.0 0.0 20.8 19.2 1.796
1.6 5.4 3.4 4.5 1.7 2.6 4.0 9.5 23.2 23.5 1.626
0.0 0.0 0.0 0.0 0.0 8.6 0.0 0.0 12.3 13.4 1.476
7.2 8.1 7.1 5.1 2.1 2.7 2.9 4.5 10.6 12.3 1.411
7.6 3.0 5.0 4.3 3.6 0.7 3.0 4.1 8.8 9.8 1.31
3.9 5.4 1.2 5.4 2.4 3.8 3.5 5.0 11.0 12.3 1.339
5.5 0.0 4.9 4.8 4.9 0.5 3.5 4.0 13.0 13.8 1.446
0.1 0.0 0.1 0.0 0.2 0.0 0.0 0.0 14.2 16.1 1.546
3.4 1.1 4.4 3.2 2.5 0.5 2.5 0.0 16.3 16.7 1.652
0.0 0.0 0.0 0.0 0.0 0.0 0.2 0.0 10.8 12.1 1.598
0.0 0.0 0.0 0.0 0.0 0.0 0.0 0.0 9.3 10.6 1.474
0.0 0.0 0.0 0.0 0.0 0.0 0.0 0.0 8.4 11.9 1.351
4.9 3.2 4.5 4.7 4.9 5.6 4.4 5.0 12.3 12.7 1.264
0.7 0.4 0.3 0.0 0.3 0.0 0.0 0.0 15.6 17.4 1.225
0.0 0.0 0.0 0.0 0.0 0.0 0.0 0.0 16.2 17.9 1.194
1.4 0.0 5.0 5.8 12.4 1.8 0.4 0.3 18.3 19.6 1.191
0.9 6.2 0.4 0.7 0.5 0.5 0.4 1.5 15.6 16.7 1.151
10.1 7.0 14.6 4.1 0.7 4.3 5.2 5.5 13.6 16.0 1.164
0.9 2.6 3.2 3.8 7.0 3.3 5.3 0.0 10.0 12.4 1.111
0.0 0.0 0.0 0.0 0.0 0.0 0.0 0.0 14.3 16.2 1.159
0.5 0.0 0.0 0.0 0.0 0.0 0.1 0.0 17.2 18.6 1.276
15.7 0.2 2.0 0.0 1.6 0.1 1.2 0.3 19.8 21.5 1.331
1.5 13.2 5.6 0.0 3.3 0.0 0.6 0.0 14.0 16.1 1.249
0.0 0.0 0.0 0.0 0.0 0.0 0.0 0.0 14.4 16.9 1.151
0.0 0.0 0.0 0.0 0.0 0.0 0.0 0.0 20.1 19.9 1.294
8.1 8.0 4.2 1.6 2.5 2.2 3.3 2.0 17.1 17.1 1.356
0.0 0.0 0.0 0.0 0.0 0.0 0.0 0.0 13.5 16.0 1.25
0.1 3.5 0.0 0.0 0.0 0.0 0.0 0.6 14.3 13.9 1.154
4.5 9.5 1.6 1.5 1.1 1.0 1.3 5.5 14.2 14.4 1.13
10.0 1.7 9.8 7.3 5.6 10.4 6.7 0.0 17.3 15.4 1.086
1.6 5.7 1.5 3.4 1.8 4.2 1.8 4.1 16.3 17.5 1.049
0.0 0.0 0.0 1.6 3.9 3.4 3.3 7.0 20.8 20.2 1.074
5.2 3.8 2.7 0.7 1.5 0.0 1.8 0.2 19.7 19.1 1.262
0.3 0.0 0.3 0.8 1.6 1.1 1.4 0.0 18.7 19.2 1.343
0.6 0.0 2.5 17.0 5.1 0.1 0.4 3.0 18.9 20.0 1.315
0.0 9.0 6.8 15.1 2.6 2.4 8.0 1.5 19.4 20.0 1.224
15.5 1.1 7.5 3.6 0.5 0.0 0.0 0.9 19.7 20.8 1.324
1.5 0.0 2.8 0.0 0.0 19.8 1.2 0.2 19.9 21.8 1.404
4.2 0.0 7.1 0.0 1.0 1.6 1.1 0.0 21.4 21.3 1.674
0.0 0.0 0.0 0.0 9.6 0.0 1.5 5.0 20.8 22.3 1.414
3.2 0.0 0.2 0.0 0.8 0.0 0.0 3.0 18.7 20.7 1.227
0.0 0.0 0.0 0.0 0.0 0.0 0.5 0.0 19.1 21.9 1.844
0.1 0.0 0.0 0.0 0.0 0.2 0.0 0.0 19.6 20.7 1.905
6.8 3.7 5.8 6.6 6.0 8.0 7.2 5.0 18.7 19.9 1.855
2.3 4.5 5.5 0.0 2.0 1.8 5.4 0.2 15.5 16.3 1.555
0.9 9.4 7.5 2.1 9.6 0.0 5.3 2.0 14.2 16.5 1.395
2.2 0.9 1.1 0.0 0.3 2.1 0.3 1.0 14.3 16.5 1.435
4.6 2.6 2.1 0.7 2.3 0.6 3.2 1.1 13.2 16.3 1.435
0.0 0.0 0.0 0.0 0.0 2.5 0.0 0.0 17.6 18.0 1.395
0.0 0.0 0.0 0.0 0.0 0.0 0.0 0.0 20.6 22.0 1.318
0.2 0.0 0.5 0.0 0.1 0.0 0.2 0.0 21.7 24.7 1.205
4.5 8.0 3.7 4.6 6.1 0.0 1.2 5.0 20.6 22.6 1.121
0.0 0.0 0.0 0.0 0.0 0.0 0.0 0.0 23.2 23.5 1.09
0.0 2.4 0.2 0.0 0.4 1.2 0.2 0.0 26.5 26.2 1.187
23.1 15.8 16.4 18.2 19.5 15.0 15.6 23.5 14.4 18.7 1.443
6.5 0.0 2.7 0.0 1.1 0.5 3.1 0.3 15.7 17.8 1.416
3.3 2.7 6.2 2.6 1.3 2.0 1.2 3.0 15.9 16.0 1.863
0.0 0.0 0.0 0.0 0.1 0.0 0.0 0.0 18.9 20.8 2.133
0.0 0.0 0.0 0.0 0.0 0.0 0.0 0.0 23.7 26.3 1.863
17.9 18.8 18.9 12.8 24.8 8.8 11.2 19.0 23.1 23.2 1.613
0.0 0.0 0.0 1.3 0.0 3.1 0.0 1.5 19.9 22.4 1.593
4.3 8.0 4.0 1.7 2.0 0.8 1.1 4.0 15.8 17.4 2.063
0.0 0.0 0.0 0.0 0.0 0.0 0.0 0.0 15.5 18.7 2.933
0.0 0.0 0.0 0.0 0.0 0.0 0.0 0.0 20.5 20.1 2.363
2.7 2.9 3.1 1.4 2.1 1.6 1.5 1.5 18.1 18.4 2.143
0.0 0.0 0.0 0.0 0.0 0.0 0.0 0.0 20.3 21.1 1.863
0.0 0.0 0.0 0.0 0.0 0.0 0.0 0.0 22.1 23.0 1.913
0.0 0.0 0.0 0.0 0.0 0.0 0.0 0.0 18.4 19.9 1.486
0.0 0.0 0.0 0.0 0.0 0.0 0.0 0.0 22.8 21.3 1.134
21.1 23.3 20.1 31.4 27.9 24.6 21.0 14.5 24.1 24.4 0.998
0.0 0.9 0.2 0.0 0.1 0.0 0.0 0.0 19.2 20.4 0.934
0.0 0.3 0.0 0.0 0.0 0.0 0.0 0.0 18.2 18.9 1.393
0.0 0.0 0.0 0.0 0.4 0.0 0.0 0.1 18.9 19.6 2.173
0.0 0.0 0.0 0.0 0.0 0.0 0.0 0.0 21.4 21.9 1.983
0.0 0.0 0.0 0.0 0.0 0.0 0.0 0.0 22.3 22.4 1.603
0.0 0.0 0.0 0.0 0.0 0.0 0.0 0.0 22.0 22.7 1.217
0.0 0.0 0.0 0.0 0.0 0.0 0.0 0.0 21.4 20.7 0.972
8.7 2.0 9.4 9.7 7.4 11.5 3.0 2.0 22.8 21.9 0.886
0.3 0.0 0.0 0.6 2.4 1.6 0.0 0.3 19.0 21.1 0.842
2.1 4.1 3.1 5.8 4.7 7.0 5.0 6.6 17.7 19.4 0.787
0.0 0.0 0.0 0.0 0.1 0.0 0.0 0.0 17.1 19.3 0.8
0.0 0.0 0.0 0.0 0.0 0.0 0.0 0.0 16.4 18.7 0.808
0.0 0.0 0.0 0.0 0.0 0.0 0.0 0.0 19.7 20.7 0.788
0.0 0.0 0.0 0.0 0.0 0.0 0.0 0.0 22.8 23.0 0.776
4.0 5.4 7.2 4.6 9.2 4.8 7.6 3.5 24.3 22.9 0.716
0.0 0.0 0.0 0.0 0.0 0.0 0.0 0.0 17.1 19.6 0.482
0.0 0.0 0.0 0.0 0.0 0.0 0.0 0.0 19.5 20.6 0.391
0.0 0.0 0.0 0.0 0.0 0.0 0.0 0.0 23.2 22.1 0.369
0.2 0.0 0.1 0.0 0.1 0.2 0.0 0.0 23.5 22.4 0.391
2.5 1.5 1.3 1.3 3.0 1.7 2.0 2.5 17.2 18.3 0.418
0.0 0.0 0.0 0.0 0.0 0.0 0.0 0.0 18.5 18.0 0.453
0.0 0.0 0.0 0.0 0.0 0.0 0.0 0.0 20.0 18.1 0.558
0.0 0.0 0.0 0.0 0.0 0.0 0.0 0.0 22.1 20.6 0.509
0.0 1.1 0.0 0.0 0.0 0.0 0.0 0.0 21.7 22.2 0.462
0.0 0.0 0.0 0.0 0.0 0.2 0.0 0.0 23.1 21.2 0.461
0.0 0.0 0.0 0.0 1.3 0.0 1.0 2.4 24.5 25.1 0.497
0.4 0.0 0.0 0.0 0.0 2.8 0.0 0.0 16.4 17.4 0.489
0.0 0.0 0.0 0.0 0.0 0.0 0.0 0.0 16.3 16.2 0.488
0.0 0.0 0.0 0.0 0.0 0.0 0.0 0.0 18.5 19.5 0.425
0.0 0.0 0.0 0.0 0.0 0.0 0.0 0.0 22.1 21.2 0.4
0.0 0.0 0.0 0.0 0.1 0.0 0.0 0.0 20.8 19.9 0.443
0.7 0.0 1.0 0.6 3.9 3.0 1.8 3.0 19.1 19.8 0.409
2.1 2.4 0.6 0.0 0.1 0.4 0.0 0.2 15.3 15.7 0.475
0.3 0.9 0.0 0.0 0.0 0.0 0.0 0.0 12.6 14.0 0.469
0.0 0.0 0.0 0.0 0.0 0.0 0.0 0.0 14.1 14.9 0.391
0.0 0.0 0.0 0.0 0.0 0.0 0.0 0.0 15.7 15.7 0.566
0.0 0.0 0.0 0.0 0.0 0.0 0.0 0.0 18.4 16.5 0.664
0.0 0.0 0.0 0.0 0.0 0.0 0.0 0.0 17.8 17.0 0.68
0.0 0.0 0.0 0.0 0.0 0.0 0.0 0.0 20.6 18.4 0.509
0.0 0.0 0.9 14.2 2.6 0.0 0.0 0.0 15.6 16.3 0.459
0.0 0.0 0.0 0.0 0.3 0.0 0.0 0.0 14.8 15.4 0.773
0.0 0.0 0.0 0.0 0.1 0.0 0.0 0.0 12.3 13.1 0.772
0.0 0.0 0.0 0.0 5.7 0.0 0.0 0.0 15.2 15.3 0.708
0.0 0.0 0.0 0.0 0.1 1.2 0.0 0.0 19.7 19.5 0.566
0.0 0.0 0.0 0.0 0.0 0.0 0.0 0.0 21.3 20.0 0.586
0.0 0.0 0.0 0.0 0.0 0.0 0.0 0.0 18.3 18.6 0.608
0.0 0.0 0.0 0.0 0.0 0.0 0.0 0.0 17.8 17.3 0.617
0.0 0.0 0.0 0.0 0.0 0.0 0.0 0.0 18.7 17.0 0.618
0.0 0.0 0.0 0.0 0.0 0.0 0.0 0.0 17.3 17.2 0.606
0.0 0.0 0.0 0.0 0.0 0.0 0.0 0.0 19.3 17.9 0.653
0.0 0.0 0.0 0.0 0.0 0.0 0.0 0.0 18.1 16.8 0.652
0.0 0.0 0.0 0.0 0.0 0.0 0.0 0.0 18.4 17.0 0.627
0.5 1.7 1.4 0.0 0.0 0.0 0.0 1.4 15.3 16.2 0.639
0.0 0.0 0.0 0.0 0.0 0.0 0.0 0.0 12.3 13.1 0.655
0.0 0.0 0.0 0.0 0.0 0.0 0.0 0.0 15.1 12.6 0.655
0.0 0.0 0.0 0.0 0.0 0.0 0.0 0.0 17.1 15.6 0.636
0.0 0.0 0.0 0.0 0.0 0.0 0.0 0.0 15.8 15.1 0.529
2.1 3.0 2.9 0.0 0.8 1.2 1.9 3.0 14.0 15.8 0.512
0.8 0.0 0.4 0.0 0.4 0.5 0.5 0.0 11.5 11.9 0.534
1.6 1.3 1.5 0.0 0.2 0.2 0.3 0.0 11.9 13.5 0.668
0.3 0.0 0.3 0.0 0.0 0.0 0.0 0.0 8.6 10.1 0.68
0.0 0.0 0.0 0.0 0.0 0.0 0.0 0.0 10.5 11.7 0.705
0.0 0.0 0.0 0.0 0.0 0.0 0.0 0.3 13.4 14.2 0.697
5.8 7.6 6.7 0.0 3.9 3.0 4.5 3.0 11.5 13.6 0.938
5.6 4.2 5.0 0.0 1.9 3.2 3.8 3.1 14.9 16.0 1.452
0.4 0.0 0.6 0.0 0.3 0.3 1.2 0.0 18.2 19.3 2.152
0.0 0.0 0.0 0.0 0.0 0.1 0.0 0.6 15.1 16.6 2.432
0.0 0.0 0.0 0.0 0.0 0.0 0.0 0.0 10.0 9.8 2.562
2.9 5.2 2.7 0.0 1.3 2.3 2.4 1.5 9.5 10.1 2.693
9.4 8.9 8.4 4.9 6.9 10.0 6.5 5.0 9.9 12.0 2.821
2.5 3.5 3.9 11.2 2.8 5.5 4.8 4.5 7.3 9.0 4.307
2.0 0.0 0.1 0.0 0.0 0.1 0.0 0.8 4.4 4.3 4.587
4.2 5.4 3.5 0.7 0.8 0.5 1.5 0.6 1.9 3.1 4.467
3.1 4.8 3.7 4.8 1.9 4.0 4.4 6.5 1.7 2.7 3.817
8.8 8.0 8.8 9.8 5.2 9.5 12.2 7.0 2.0 2.9 3.267
0.0 1.7 0.2 1.2 0.0 2.9 0.8 1.5 3.0 4.3 2.997
1.4 1.4 1.3 3.5 1.2 1.6 0.0 0.3 3.4 5.0 2.147
0.0 0.0 0.0 0.0 0.0 0.0 0.0 0.0 2.2 2.2 2.277
0.0 0.0 0.0 0.0 0.0 0.0 0.0 0.0 4.8 3.6 1.592
0.0 0.0 0.0 0.0 0.0 0.0 0.0 0.0 5.4 5.8 1.291
9.7 9.3 9.6 7.2 6.5 5.9 7.4 5.4 10.5 10.5 1.261
0.0 0.0 0.0 0.0 0.0 0.0 0.0 0.0 7.5 7.6 1.036
0.0 0.0 0.0 0.0 0.0 0.0 0.0 0.0 7.1 7.3 0.393
1.9 1.7 1.2 2.6 1.9 4.0 2.4 2.7 9.7 6.6 0.343
0.2 0.4 0.5 0.0 0.5 0.4 0.5 0.8 10.3 11.5 0.339
0.4 0.6 0.1 0.0 0.1 4.0 0.1 0.2 9.7 10.9 0.366
2.8 0.0 3.2 2.6 2.7 0.0 3.3 1.8 8.8 9.5 0.37
0.1 3.5 0.0 0.6 0.3 0.0 0.1 0.0 7.0 8.3 0.362
0.0 0.0 0.0 0.0 0.0 0.0 0.0 0.0 2.7 3.1 0.311
0.0 0.0 0.0 0.0 0.0 0.0 0.0 0.0 0.5 2.6 0.303
