1.73769
1.61703
1.52785
0.537361
2.47706
2.49644
2.41268
2.34979
2.27856
2.0004
1.94862
1.93388
1.76856
0.573698
1.88015
2.06209
2.21551
2.59808
2.61352
2.81385
2.09564
1.72264
1.98721
1.93488
2.01145
2.37038
2.42014
2.65465
2.56356
2.92943
2.5366
3.03683
2.97433
3.07629
2.85793
2.93274
2.8639
2.76784
2.37925
1.84618
1.88536
2.16812
1.92777
1.9792
2.38359
2.152
2.358
2.70014
2.75723
2.95514
2.81497
2.46928
2.50933
2.63657
2.75443
2.714
2.94332
2.72501
2.77318
2.77076
3.03326
3.00124
3.02132
3.27188
3.62912
5.36369
2.96179
2.92294
4.39558
2.95849
2.98735
2.96458
2.82619
2.88168
4.05854
2.80455
2.99649
2.87801
2.89356
2.83733
2.81599
3.01251
3.15954
3.01655
3.04931
2.94667
3.09403
3.10901
3.11
3.07421
3.05973
3.04184
3.06798
4.34519
4.43683
3.00697
5.12584
6.86704
5.24669
3.45937
4.2108
4.15916
3.72415
3.76811
6.29495
7.75985
4.416
3.69271
3.20585
3.11834
3.17815
2.94738
3.45464
3.44979
3.41746
3.26861
3.28318
2.95923
2.96146
2.88409
2.88223
2.91441
2.92213
2.90008
2.88283
2.88256
5.21685
3.47759
2.90647
3.40312
2.76313
3.04391
3.22677
3.18028
2.99021
2.94046
2.90951
2.93486
2.95635
3.0045
2.83787
2.83548
2.86542
2.83246
2.85412
2.98591
2.64943
2.98792
3.84562
3.47362
3.06797
2.99719
3.09539
3.23319
3.05906
4.45961
7.29515
3.28641
3.26706
3.33354
3.67818
4.50304
4.33773
4.32954
4.35627
3.91104
3.50461
3.19219
2.99945
3.07154
3.0015
3.27778
2.97077
2.90037
3.05593
2.95135
3.02517
4.48126
3.86006
7.86717
4.50104
5.41687
5.39293
4.23185
4.15771
3.85267
3.79482
3.70689
3.68813
3.83248
3.99065
4.58482
5.62478
6.9662
8.31716
18.368
30.0641
68.7836
70.2617
81.8069
81.8145
80.7891
78.3995
68.5874
57.3662
33.1276
23.2643
15.9657
15.6008
20.869
7.03926
7.53285
9.27516
9.37762
6.00414
5.89395
2.91825
3.88878
3.94162
3.48681
3.0439
2.75821
2.58987
2.60007
2.02136
2.85254
2.07272
2.72968
3.79583
5.17417
3.67712
2.71231
2.40864
2.36686
2.16388
2.06495
2.00186
1.86488
1.74915
2.05026
1.93829
1.80138
1.92775
2.05413
1.92324
1.31389
1.79341
1.78785
1.65234
1.31679
2.11565
1.53583
2.01744
2.28489
2.25575
1.9898
1.89801
2.01396
2.24396
2.87194
3.06744
3.03505
2.16743
2.1151
2.64273
2.79983
2.3501
2.07701
1.99548
1.73495
1.7235
1.49642
1.33267
1.30541
1.29412
1.25005
1.81
1.43289
1.46465
0.64982
1.25428
2.34952
1.25327
1.4172
1.33365
1.20215
1.24355
1.2622
1.47234
0.684286
1.26457
1.64742
1.50521
1.44317
1.36285
1.29146
1.23464
1.24381
1.28222
1.2697
1.21668
1.18158
1.5876
1.33471
1.29445
1.44051
1.54349
1.37901
1.28265
1.17741
1.12209
1.17418
1.14096
0.986233
1.23293
1.15593
1.13445
1.07702
1.10453
1.23939
1.23036
1.24186
1.33709
1.5132
1.6351
1.61231
1.74484
1.3222
3.35
1.51877
1.80493
1.85482
1.94514
2.06978
1.90588
1.5398
1.86076
1.40903
1.26163
1.34176
1.36819
1.52238
0.94802
1.65037
1.77202
1.72719
1.67968
1.91951
0.507137
3.36409
2.41526
2.34891
2.41349
2.04725
1.54347
2.53778
1.42144
1.76555
1.68976
1.32498
1.99697
2.12109
1.73445
1.59646
1.52956
1.52442
1.41657
1.32508
1.40288
1.41691
1.60386
1.56244
1.89386
1.68693
1.55723
1.55955
1.46442
1.43459
1.48911
1.68694
1.731
1.79057
1.64122
1.87985
1.62768
2.13761
2.06972
2.2902
2.29621
2.21689
2.54612
2.2614
2.30142
2.12059
2.64224
2.46361
2.51183
3.1738
2.88245
2.89714
2.76877
2.32725
2.5344
2.2337
1.89799
1.73367
1.86144
2.20669
1.88377
1.7017
2.31932
2.64091
2.88589
2.66836
2.97721
2.95708
2.99431
3.55698
2.5862
2.62578
3.49912
3.9029
3.64207
3.4007
3.93534
3.94734
3.39586
2.58088
2.73905
3.14686
3.52131
3.3727
2.89355
3.17661
3.17368
3.11269
3.0381
2.65854
2.55677
2.46721
2.52699
2.62736
2.82457
2.80708
2.9875
3.04663
3.42965
3.03437
2.63059
2.68554
2.88915
2.84425
3.91432
3.08949
3.57037
3.67642
3.35768
3.35391
3.76682
3.81222
3.56765
3.37873
3.21349
3.3166
3.18823
3.10459
3.17644
3.11123
3.16648
3.09451
2.9152
3.28546
3.09983
3.14499
3.1738
2.94917
3.29936
3.66991
4.7021
4.55621
3.46693
4.35039
6.98073
6.18145
5.40144
7.31894
5.98076
3.89983
4.66663
4.5747
4.15643
3.92172
7.04607
3.88132
4.91209
9.92128
9.54663
8.24295
5.67257
3.91408
4.61941
4.04983
6.54363
4.23099
4.50458
15.7131
20.3089
19.8023
15.1203
11.6662
9.72915
7.8707
9.31085
6.42478
5.07966
6.61703
9.39924
12.0611
7.53245
9.85362
6.96751
7.64885
10.8425
13.3501
10.6146
7.60437
6.46339
5.84266
5.06349
4.68525
4.76873
5.86381
6.01741
4.87578
6.25435
8.35848
15.1843
16.462
16.7741
18.1032
9.79488
11.0485
7.36237
6.88061
5.67585
4.7835
4.25977
4.06559
4.0539
4.16568
4.03984
4.21322
4.27465
3.45566
4.36285
4.6274
5.23876
4.40211
4.14966
4.29185
3.82688
3.8353
4.01314
3.5369
3.11903
2.89556
2.88002
3.1921
3.49439
3.34331
3.03481
3.22913
3.41111
2.58678
2.54772
2.58789
2.07839
1.83265
1.81526
1.88002
1.97775
1.69361
2.91389
2.77562
2.94483
2.85939
2.44318
1.88284
1.8835
1.86594
1.62767
1.62905
1.57193
2.2582
2.32255
2.76297
2.38538
1.88308
1.67415
1.7288
2.0946
1.88685
3.1693
2.11789
1.8812
1.65274
2.28442
1.52846
1.00712
2.55252
2.56131
2.60294
2.59207
1.74975
1.42993
1.35508
4.39734
1.59237
1.35255
1.19101
0.834848
1.88396
1.59859
2.00764
2.26948
1.84305
1.00647
1.85604
1.531
1.6358
1.49894
1.42951
2.49739
1.27525
1.27394
1.19012
1.09819
1.34307
1.36675
1.1574
0.81576
1.55658
1.38024
1.38526
1.32557
1.15459
0.714
1.61573
1.79287
1.66277
1.92345
1.87346
2.29787
2.10777
1.94836
1.56408
1.34134
1.70101
1.43771
2.91029
1.25931
2.01916
1.7962
1.72477
2.24836
1.53378
2.18893
2.41304
2.28757
1.57931
1.23276
1.11566
1.07344
1.39702
1.28748
1.20732
0.586982
1.50712
1.22783
1.53475
1.68954
1.37516
1.34087
1.40846
1.83985
1.87137
1.91988
1.70059
1.2553
1.5731
1.59983
1.41964
1.24401
1.18997
1.18767
1.21331
1.91345
1.40976
1.45149
1.4006
1.49269
1.27595
1.3588
1.59455
1.51075
1.09114
1.76083
1.44967
0.638651
4.062
1.43399
1.40319
1.51269
1.62535
1.85773
1.84075
1.86511
1.73847
1.78038
1.62174
2.01223
2.36483
1.85367
1.65894
1.94897
2.05918
2.09957
2.32732
2.1791
2.08062
2.20673
2.05575
2.13103
2.05158
1.57823
1.12353
2.62836
2.47877
2.04081
1.87539
1.74985
1.71389
2.17271
2.17587
1.04354
5.57662
2.178
2.32634
2.02165
2.00517
2.20975
1.89718
2.2796
2.86118
3.20844
3.1647
3.66289
3.70197
4.0861
3.47852
3.64648
3.57374
3.2109
2.7125
2.4098
3.33264
3.2242
3.07505
2.88634
2.8993
4.97812
2.57308
2.61757
2.49013
2.64549
2.69438
2.54956
2.55598
3.03757
2.8895
2.57337
2.30392
2.87681
3.13071
3.21726
4.25765
3.3327
2.53179
4.96616
1.35924
7.95815
8.38778
6.18949
5.06143
7.00244
8.05362
5.01999
4.50063
4.23022
4.09334
4.17846
4.2649
4.54284
7.16755
7.77884
6.68995
5.46002
7.0495
4.32239
4.96515
2.24161
5.47224
7.77246
26.3504
22.0174
19.0902
10.6135
19.8893
19.6951
14.26
8.44858
6.76343
5.49951
4.8371
4.29406
3.83586
3.52434
3.43595
3.39038
3.31655
3.32768
3.28271
3.29521
3.41808
3.21644
3.16372
3.28281
3.16783
3.6551
3.37399
3.30775
3.14603
3.17353
3.14211
3.09045
3.27258
3.72753
3.34291
3.48102
3.3923
3.42796
3.41029
3.41879
3.34873
3.27292
3.34075
3.37733
4.69178
3.56947
3.48726
23.2147
31.439
22.3793
14.2127
9.42038
9.19588
6.58449
5.22369
6.92677
8.9806
6.83984
7.84598
5.49417
5.12365
5.10766
5.44881
3.43155
4.33278
4.49357
5.09167
4.87516
4.63382
4.4725
3.86695
3.85029
3.72341
3.45241
3.48326
3.79806
3.7324
3.78891
3.7061
3.20124
3.26822
3.0509
3.59278
3.59609
3.34428
3.59603
3.8887
3.86642
3.60944
24.84
30.621
24.1368
18.0195
11.6313
7.8155
6.56162
4.65588
5.30789
4.62918
5.64839
5.39894
4.86928
5.15547
5.54959
4.58525
5.64318
5.26553
5.95444
4.77273
5.75027
6.81074
7.84087
6.26384
6.51748
5.87873
5.33561
4.08137
3.19177
2.94375
4.6235
4.10324
3.94023
4.00443
4.0502
3.52076
4.0114
2.76981
3.40134
2.23033
3.96985
3.55231
2.92546
3.75183
3.84597
3.81189
4.24618
3.59534
3.38126
2.27768
3.53597
2.84108
3.01649
3.70144
2.87653
2.42898
2.14102
2.16802
1.76601
2.46209
2.47725
2.41839
2.29972
2.13037
2.26281
2.20315
1.91063
1.81178
1.83265
1.6083
1.59394
1.68892
1.64577
0.441609
1.74588
1.49709
2.09268
2.67779
2.67975
4.95859
3.31842
3.46709
2.92915
2.46127
2.18662
1.66842
1.68153
1.49261
1.30907
1.24243
1.3069
1.31616
0.663616
3.94245
1.60458
1.76125
1.73369
1.72415
1.47568
1.4283
1.63938
1.89374
2.25451
1.96167
2.07917
1.81489
1.62802
1.52439
1.44996
1.38685
1.42537
1.20514
0.744787
1.36049
1.42717
1.39113
1.43605
1.45587
1.35088
1.39009
1.3987
1.20958
2.9208
1.54406
1.6838
1.41814
1.25213
1.63481
1.70237
1.7203
1.896
1.52155
3.51871
1.67186
1.54715
1.44906
1.75048
1.74793
1.54442
1.45797
1.90098
2.47463
1.47998
1.49411
1.34733
1.22733
1.22703
1.20033
1.22185
1.25496
1.16069
1.18485
1.34201
1.27476
1.38122
1.39373
1.45416
1.20408
1.36431
1.66022
1.45826
2.18011
1.20818
1.45089
1.37065
1.18
1.60947
1.76032
1.53408
1.2354
1.552
1.51038
1.22298
1.5991
1.91638
1.60305
1.57625
1.40436
1.46179
1.53968
1.61594
1.46149
1.43471
1.34983
1.27308
1.481
1.3726
1.17012
1.52769
1.61433
1.60271
1.43627
1.37661
1.65702
2.11247
2.33042
2.28006
2.46279
2.47056
2.32994
2.30376
2.25678
2.24302
2.32273
2.19137
2.18784
2.17757
2.23183
2.20654
2.31162
2.13391
4.99188
2.05008
2.29455
2.72018
2.92352
2.79392
2.21378
2.46264
2.46629
2.39896
2.57379
2.79673
3.12543
3.0133
2.18066
2.0152
1.82154
2.72288
2.73292
2.66637
2.38455
2.08966
1.79373
2.80349
2.84975
2.87455
2.86303
3.10168
2.96858
4.44127
2.81813
2.60099
2.32856
2.5388
2.26105
2.55625
1.97795
2.15547
4.64905
2.96982
2.66932
2.85651
3.14776
3.01672
3.23545
3.2703
3.06561
2.83681
3.10223
3.58669
2.98321
4.63807
2.83357
3.4261
3.44895
3.33765
3.3293
3.36553
3.38569
3.31295
3.3176
3.31189
3.00423
3.29074
3.2509
3.24561
3.25216
3.2225
3.24021
3.16785
3.0343
3.13308
4.46658
4.026
3.12991
3.1234
3.1769
3.25003
4.02589
3.41468
3.30773
3.80134
3.34364
3.54567
3.47712
3.73574
3.43527
3.32267
3.29012
3.10413
3.0917
3.1322
3.05402
2.9666
2.95749
2.9952
5.56679
3.24172
3.16947
2.98955
2.99438
3.06644
2.95609
3.00334
2.9709
2.96696
2.94835
2.96134
2.91291
3.1023
3.54433
3.14427
3.16828
3.12057
3.1219
3.91161
3.20784
3.154
3.43885
3.52575
3.39649
3.30003
3.19092
3.14222
3.12013
3.16013
3.12005
3.1253
3.1973
3.4941
3.73001
3.11546
3.71046
6.39217
5.0118
4.19538
4.05463
3.7939
3.98508
3.58417
3.1875
3.19404
3.12842
3.56133
3.21262
4.38048
4.32231
3.36747
3.60327
7.49795
6.17118
8.68779
22.9672
28.682
27.1791
22.4933
23.5478
12.0911
14.3117
17.957
11.8031
6.48434
9.42414
12.3209
18.6079
19.1115
20.943
17.5478
12.9481
10.251
8.3204
6.42362
5.71656
7.48881
7.18419
4.67581
6.29911
9.61518
7.76385
6.73376
8.41804
7.26019
6.83636
5.65656
4.59961
3.54321
2.78584
2.68598
2.49373
2.19909
2.01973
2.22876
1.95368
2.04685
2.41536
2.25442
2.0644
2.02443
1.9017
2.7085
2.79405
2.40678
2.05019
2.0767
2.08143
2.76274
2.1368
1.79374
1.73218
1.84811
1.65804
1.83041
1.75659
1.81937
1.82736
1.91232
2.58968
2.505
2.38666
2.00742
1.55735
1.67356
1.78837
1.62173
2.12964
2.27116
2.14133
1.75318
2.01399
1.56678
1.76381
2.57077
1.46816
1.40895
9.58517
2.02267
1.5359
1.44019
1.35345
1.91249
3.07022
2.87223
2.35248
2.00335
1.8298
1.66583
2.31351
2.5099
2.4589
2.22634
1.66229
1.61551
1.01972
1.61101
1.02945
1.96194
1.78352
1.55237
2.74623
1.22711
1.74122
1.41341
1.63155
1.84543
1.88985
1.83132
3.05126
1.63894
1.09646
1.41256
1.47724
7.68868
0.769513
3.06185
1.1891
1.40708
1.18015
1.41912
1.42391
1.44378
1.86393
1.4907
1.48947
1.7747
1.83805
1.56438
1.35087
1.26681
1.53121
1.24861
1.1363
2.56221
1.77861
1.77974
1.47771
1.22259
0.252241
1.36727
1.68871
1.75569
1.46042
1.54479
1.41005
1.32269
1.47966
1.2997
1.79053
1.40636
1.51242
1.51627
1.36738
1.31384
1.29653
1.33972
1.74006
1.38121
1.57339
1.49999
1.54786
1.37678
1.25233
1.08095
1.47042
1.36371
1.24109
1.23026
1.47868
1.47159
1.42365
1.30073
1.27838
1.26282
1.16225
1.5712
1.63134
1.42405
1.28394
1.34655
1.34792
1.67888
1.92559
1.79248
1.68829
1.54264
1.54852
1.39332
7.7456
1.7644
2.03747
1.6863
1.39366
1.33801
1.46875
1.5328
1.50913
1.5557
1.45905
1.54229
1.52126
1.67295
2.02406
1.89467
1.6339
1.70985
1.71464
2.12538
2.00385
2.4597
2.23205
1.89785
2.19168
1.83804
1.54875
1.83857
2.71515
2.93656
3.23886
3.77183
3.91664
4.55637
4.0494
4.97724
3.51784
3.32497
3.29326
3.13143
3.00288
2.43398
2.75535
2.67645
2.70409
2.19354
2.26266
2.40353
2.59317
2.90831
2.905
