1.441
1.122
0.943
0.778
0.719
0.665
1.228
1.919
2.034
1.781
1.531
1.805
2.224
2.337
2.317
2.104
1.767
1.497
1.006
1.064
1.083
1.022
1.003
0.96
0.98
0.857
0.805
0.722
0.674
0.65
0.648
0.639
0.634
0.486
0.48
0.484
0.486
0.499
0.571
0.666
0.72
0.701
0.724
0.667
0.66
0.606
0.601
0.6
0.559
0.537
0.556
0.582
0.538
0.6
0.554
0.554
0.505
0.485
0.483
0.628
0.687
0.598
0.564
0.514
0.64
0.52
0.484
0.51
0.514
0.503
0.5
0.491
0.484
0.479
0.427
0.437
0.438
0.422
0.417
0.442
0.47
0.582
0.571
0.624
0.678
0.67
0.682
0.705
0.679
0.681
0.647
0.744
1.122
1.964
2.277
2.258
1.845
1.483
1.517
1.385
1.697
1.734
2.769
3.556
3.861
3.696
3.065
2.562
2.207
1.621
0.977
0.807
0.833
0.705
0.193
0.163
0.187
0.215
0.218
0.301
0.323
0.307
0.25
0.261
0.272
0.265
0.246
0.253
0.279
0.301
0.281
0.24
0.282
0.521
0.721
0.781
0.853
0.947
0.915
0.919
0.941
0.938
0.944
0.923
1.199
1.383
1.231
1.052
0.959
0.896
0.771
0.713
0.685
0.734
0.798
0.798
0.744
0.791
0.864
0.863
0.879
0.986
1.007
1.044
1.115
1.282
1.393
1.487
1.466
1.339
1.402
1.388
1.369
1.358
1.348
1.336
1.325
1.315
1.303
1.292
1.282
1.27
1.259
1.152
1.148
1.115
1.025
1.066
1.203
1.387
1.416
1.456
1.455
1.447
1.318
1.203
1.149
1.148
1.047
0.996
1.515
5.574
7.244
5.692
4.777
4.197
2.943
2.829
2.845
2.0
1.936
2.947
8.838
21.884
34.603
46.757
39.538
27.337
20.193
19.61
18.923
14.896
14.35
25.752
24.142
18.221
14.683
12.53
11.708
10.895
13.245
15.482
14.082
12.649
12.246
11.343
9.76
8.751
8.955
18.467
23.852
18.523
15.087
12.864
11.748
10.846
11.149
14.683
15.702
14.204
13.705
18.226
42.878
67.515
80.28
62.299
39.68
32.586
38.27
42.626
41.806
34.321
27.873
23.718
21.36
16.849
14.864
13.865
14.965
15.969
18.227
25.823
27.744
47.886
51.479
39.911
28.584
22.206
18.146
14.163
9.84
10.243
9.728
8.839
7.719
6.572
7.26
7.077
6.624
6.366
6.027
4.474
3.526
3.492
3.895
3.846
3.952
3.866
4.692
5.379
4.953
4.441
3.88
2.933
2.329
2.262
2.181
2.084
2.054
2.003
1.645
1.633
1.577
1.518
1.442
1.218
1.154
1.168
1.204
1.328
1.523
1.626
1.784
1.736
1.755
2.048
2.362
2.26
1.95
1.853
1.924
3.125
4.203
4.618
3.817
3.075
2.684
2.365
2.087
1.896
2.186
2.137
2.043
1.847
1.616
1.427
1.158
0.963
0.908
0.712
0.623
0.666
0.693
0.711
0.69
0.623
0.54
0.469
0.617
0.865
1.055
1.034
1.033
0.983
0.878
0.557
0.512
0.542
0.619
0.639
0.633
0.646
0.675
0.702
0.901
0.96
1.044
1.126
1.175
1.315
1.372
1.554
1.847
1.957
1.776
1.548
1.317
1.189
1.121
1.213
1.427
1.649
1.585
1.337
1.257
1.248
1.125
1.028
0.997
0.929
0.772
0.672
0.706
0.667
0.646
0.647
0.654
0.615
0.561
0.551
0.579
0.506
0.398
0.403
0.424
0.396
0.481
0.683
1.002
1.258
1.277
1.11
1.153
0.943
0.893
0.819
0.767
0.75
0.696
0.652
0.623
0.705
0.925
0.997
0.993
1.019
1.042
1.07
1.017
0.965
0.864
0.844
0.759
0.664
0.644
0.616
0.615
0.67
1.054
1.431
1.286
1.4
1.765
1.708
2.028
2.048
1.658
1.344
1.957
2.583
2.366
2.111
2.116
1.927
2.042
3.407
4.136
4.625
4.338
3.82
3.611
2.689
1.83
1.33
1.213
1.33
0.976
0.477
0.409
0.395
0.32
0.253
0.265
0.238
0.305
0.307
0.385
0.391
0.392
0.383
0.446
0.494
0.464
0.415
0.43
0.448
0.723
1.393
1.175
1.283
1.342
1.326
1.346
1.403
1.414
1.46
1.43
1.494
1.553
1.512
1.396
1.395
1.406
1.597
2.104
2.914
3.019
2.412
2.117
1.984
1.793
1.613
1.613
1.528
1.431
1.431
1.41
1.394
1.394
1.457
1.458
1.538
1.618
1.53
1.656
1.757
1.707
1.626
1.531
1.463
1.312
1.135
1.099
1.09
1.207
1.222
1.231
1.251
1.31
1.353
1.352
1.338
1.343
1.359
1.564
3.385
5.57
5.677
5.141
4.407
3.314
2.277
2.329
2.228
2.02
1.83
1.75
1.719
1.64
1.637
1.657
1.647
1.607
1.617
1.718
1.914
2.056
2.056
1.996
1.896
1.856
1.846
1.836
1.826
1.816
2.31
5.361
7.305
7.085
6.332
5.469
4.536
3.967
3.554
3.208
3.034
2.553
2.043
1.934
1.987
2.157
2.29
2.732
3.104
2.992
2.631
2.493
2.238
2.127
2.097
2.027
2.016
2.062
2.356
2.811
2.922
2.886
3.043
3.29
3.621
4.126
4.586
5.174
5.107
4.829
4.843
7.225
8.234
7.322
6.342
6.083
7.422
13.54
16.978
33.836
24.38
15.235
11.239
8.619
7.327
6.666
5.989
5.324
4.252
3.622
3.834
5.534
27.291
39.256
21.621
14.619
9.428
7.413
7.132
6.879
8.279
9.559
9.077
7.983
6.313
5.495
5.342
4.548
3.397
3.844
4.044
3.736
3.988
3.89
3.645
3.405
2.906
1.717
2.079
2.979
3.685
3.814
3.593
3.1
2.72
2.493
2.306
2.176
2.104
2.048
1.826
1.696
2.179
2.393
2.374
2.266
2.048
1.895
1.747
1.597
1.429
1.303
1.392
1.548
1.679
1.581
1.666
1.636
1.587
1.599
1.524
1.483
1.646
1.849
2.116
1.96
1.982
1.908
1.756
1.716
1.639
1.583
1.569
1.648
1.647
1.579
1.571
1.589
1.528
1.411
1.241
1.063
0.785
0.895
0.802
0.699
0.91
1.098
1.12
1.177
1.11
1.091
1.121
1.154
1.186
1.175
1.139
1.072
1.044
0.953
0.834
0.858
0.875
1.018
1.473
7.406
16.243
11.132
6.08
5.028
4.749
4.578
3.911
2.403
1.937
1.661
1.003
0.73
0.855
3.028
10.152
10.432
7.725
5.155
3.901
4.185
5.281
5.995
4.908
4.019
3.211
2.218
2.131
1.955
1.983
2.009
2.939
15.691
16.23
6.962
5.016
3.946
4.47
6.33
5.531
4.313
3.191
4.271
9.58
12.352
9.261
7.108
6.104
5.449
4.802
4.668
5.643
8.959
16.288
13.553
12.093
13.784
12.667
14.484
29.53
58.0
78.449
70.258
39.597
23.65
16.427
14.711
14.413
12.759
11.031
9.906
9.06
6.317
5.616
6.408
6.448
6.452
6.754
6.85
6.779
6.854
6.818
6.654
6.352
6.566
6.596
6.176
6.086
5.924
5.868
5.855
5.779
5.664
5.571
5.709
5.431
3.517
3.378
3.055
0.805
0.534
0.473
0.49
1.56
2.448
2.638
2.862
2.772
2.797
2.791
4.135
16.096
17.743
10.398
7.251
6.393
5.784
5.068
4.383
4.186
4.013
4.003
3.924
3.862
3.787
11.518
19.925
13.214
9.269
8.204
7.963
9.982
20.194
32.016
21.219
13.374
10.71
10.191
11.483
13.351
13.069
11.21
9.466
8.296
7.899
7.296
5.429
5.163
5.285
5.184
4.881
4.738
4.752
4.639
4.54
4.767
3.984
3.781
3.769
3.757
3.732
3.737
3.729
3.719
3.666
3.534
3.456
3.383
3.205
3.318
3.576
3.581
3.696
3.679
3.604
3.469
3.449
3.484
3.399
3.359
3.336
3.297
3.287
3.364
9.347
43.367
65.005
57.945
45.49
50.29
57.346
65.912
83.052
89.761
82.246
51.439
29.352
22.37
18.736
16.362
14.738
13.356
10.786
10.165
14.434
27.924
30.064
38.163
50.823
44.044
27.525
20.18
17.025
15.053
14.17
26.233
34.578
25.871
33.823
35.364
33.206
54.463
74.209
83.136
57.842
31.806
22.963
19.599
17.241
14.011
13.31
13.326
12.226
11.207
8.57
8.349
8.555
8.487
8.149
7.978
6.894
5.789
7.046
7.845
8.627
9.478
9.058
8.489
7.89
7.037
6.676
6.355
6.192
5.689
5.456
5.407
4.97
4.551
4.837
4.787
4.697
4.697
4.558
4.615
4.416
4.196
4.248
4.549
5.606
11.605
12.46
9.367
8.401
6.551
6.024
5.977
5.986
5.56
5.206
5.056
4.849
5.151
4.835
4.637
4.546
4.186
4.063
3.297
3.067
3.534
3.804
3.854
3.734
3.443
3.336
3.275
3.305
3.224
2.917
2.205
2.007
2.142
2.135
1.977
2.026
2.067
2.073
1.997
2.016
2.136
2.199
2.352
2.274
2.107
2.005
1.599
1.364
1.325
1.33
1.288
1.279
1.483
1.923
2.226
2.157
2.113
2.086
1.948
1.766
1.639
1.515
1.472
1.262
1.201
1.029
1.072
1.708
1.718
1.531
1.657
1.855
1.745
1.433
1.239
1.162
1.154
1.139
1.186
1.655
2.433
2.448
2.007
1.804
1.565
1.368
1.174
1.139
1.185
1.028
0.913
0.965
1.19
2.151
2.469
2.272
1.989
1.547
1.388
1.307
1.289
1.258
1.204
1.097
0.987
0.884
0.789
0.701
0.846
1.072
1.153
1.658
2.995
1.844
0.934
0.829
0.85
0.732
0.82
3.35
8.277
7.476
4.723
3.429
2.367
1.627
1.497
1.246
0.89
1.022
1.236
1.305
1.252
1.155
1.066
1.041
0.993
0.927
1.021
2.126
2.51
2.0
1.725
1.523
1.385
1.298
1.23
1.136
1.079
1.024
0.957
0.935
0.949
0.954
0.981
1.05
1.034
0.991
1.023
1.039
1.176
1.21
1.764
3.309
3.45
3.263
2.986
2.431
2.004
1.918
1.893
1.883
1.971
3.144
3.114
4.324
4.823
4.895
4.757
4.409
4.311
2.813
2.15
1.903
2.95
0.565
0.5
0.451
1.878
5.559
3.394
3.593
3.973
4.398
8.274
11.201
13.615
10.978
9.127
8.239
7.175
6.567
5.87
5.717
5.433
5.332
4.687
4.649
7.312
14.788
15.632
14.752
12.943
11.433
9.102
7.342
6.279
5.86
6.101
6.692
6.619
6.552
8.733
10.921
10.067
9.098
10.199
11.81
11.232
10.826
10.839
9.916
8.599
8.018
7.391
6.587
5.216
4.596
3.762
3.274
3.174
3.121
3.26
3.481
3.494
3.475
3.531
3.585
3.344
3.212
3.174
3.124
3.086
3.053
3.019
3.001
3.034
3.046
5.677
15.798
18.336
17.877
48.28
87.94
96.85
80.14
37.863
16.183
11.405
8.525
6.844
6.19
6.141
6.065
6.319
8.536
8.826
7.916
5.633
4.64
4.657
4.647
4.496
4.429
5.568
5.779
5.318
12.092
32.837
23.704
14.259
8.657
5.296
5.016
4.417
3.894
3.748
3.672
3.553
3.471
3.431
3.333
3.278
3.227
3.174
3.089
3.017
2.947
2.877
2.807
2.728
2.675
2.604
2.481
2.415
2.426
2.387
2.38
2.36
2.334
2.6
6.252
18.743
22.73
15.02
10.082
7.278
7.528
11.56
22.967
26.646
32.505
29.133
17.35
12.119
10.296
10.026
9.573
9.05
8.386
6.23
5.171
5.194
4.974
4.381
4.198
4.178
4.157
4.031
3.67
3.541
3.427
3.398
3.434
2.392
2.227
2.617
2.741
2.706
2.786
2.831
2.963
3.133
3.251
3.058
2.765
2.508
2.387
2.508
2.813
2.718
2.517
1.932
1.506
1.645
1.717
1.837
2.097
2.216
2.08
1.957
1.986
1.938
1.95
1.852
1.81
1.643
1.557
1.456
1.544
2.397
3.987
3.994
6.493
6.235
4.855
3.88
3.165
2.952
4.244
7.191
5.154
4.185
3.679
3.115
2.552
2.5
2.42
1.968
1.721
1.514
1.149
1.182
1.398
1.388
1.373
1.328
1.308
1.285
1.273
1.154
1.165
1.199
1.174
1.038
1.022
0.909
0.857
0.819
0.804
0.674
0.601
0.579
0.569
0.567
0.535
0.501
0.499
0.427
0.417
0.358
0.395
0.398
0.477
0.815
0.874
0.921
0.947
0.907
0.808
0.638
0.613
0.542
0.505
0.462
0.448
0.447
0.416
0.59
0.607
0.638
0.617
0.568
0.518
0.47
0.364
0.346
0.352
0.329
0.321
0.292
0.291
0.287
0.289
0.286
0.284
0.298
0.27
0.257
0.258
0.231
0.195
0.174
0.167
0.158
0.151
0.148
0.117
0.115
0.128
0.153
0.242
0.197
0.234
0.234
0.232
0.235
0.231
0.195
0.204
0.204
0.191
0.21
0.219
0.236
0.275
0.269
0.257
0.248
0.242
0.239
0.243
0.342
0.744
0.957
0.972
0.904
0.666
0.589
0.447
0.358
0.388
0.388
0.343
0.336
0.308
0.285
0.276
0.218
0.251
0.34
0.321
0.296
0.277
0.294
0.46
0.69
1.18
1.971
3.268
3.073
2.764
2.677
2.477
3.708
4.265
4.115
3.301
2.833
2.205
1.93
1.578
0.969
0.683
0.479
0.211
0.199
0.227
0.196
0.188
0.204
0.2
0.193
0.213
0.212
0.206
0.205
0.245
0.299
0.308
0.312
0.38
0.357
0.32
0.284
0.282
0.281
0.297
0.308
0.356
0.418
0.43
0.575
0.686
0.732
0.748
0.705
0.706
0.717
0.718
0.716
0.711
0.711
0.711
0.701
0.816
0.833
0.765
0.693
0.66
0.798
0.851
0.863
0.885
0.791
0.769
0.862
1.212
5.453
5.705
3.185
2.112
1.893
1.626
1.383
1.08
1.289
1.325
1.285
1.31
1.278
1.272
1.245
1.225
1.21
1.195
1.179
1.164
1.148
1.133
1.118
1.102
1.079
1.046
1.04
1.058
1.426
9.615
30.024
40.924
26.023
14.561
11.366
9.213
6.457
5.036
3.814
3.067
3.068
3.022
2.982
2.992
2.992
2.882
2.774
2.705
3.503
9.216
32.301
43.461
37.64
30.999
27.982
23.981
18.481
15.68
8.454
6.005
7.103
7.203
7.113
7.763
8.103
7.843
7.633
7.103
5.304
3.038
4.439
5.119
4.808
4.164
3.953
3.723
3.313
2.994
2.809
2.814
2.905
3.005
3.035
2.995
2.885
2.685
2.925
3.015
2.995
3.076
3.181
3.298
3.555
4.521
5.331
5.196
4.925
4.715
4.895
4.895
4.726
8.866
12.193
9.037
7.91
5.308
4.537
4.515
4.126
3.711
2.308
2.574
2.825
2.925
3.136
3.301
3.192
3.281
2.815
2.149
2.197
2.202
2.121
2.052
1.688
1.775
1.841
2.062
2.262
2.232
2.162
2.102
2.182
2.152
2.052
1.992
1.882
1.852
1.802
1.772
1.712
1.722
1.792
1.412
1.602
1.733
1.787
1.773
1.792
1.812
1.802
1.773
1.718
1.659
1.479
1.287
1.289
1.318
1.33
1.33
1.251
1.14
1.098
1.161
1.155
1.132
1.108
1.045
0.996
1.017
1.017
1.18
1.404
1.501
1.586
1.586
1.481
1.388
1.576
1.829
1.903
1.687
1.517
1.567
1.644
1.645
1.672
1.642
1.552
1.432
1.387
1.35
1.305
1.299
1.222
1.132
0.923
0.536
0.572
0.612
0.632
0.59
0.635
0.761
0.765
0.649
0.559
0.59
0.743
0.889
0.93
0.949
0.928
0.899
0.768
0.577
0.561
0.557
0.48
0.401
0.453
0.368
0.5
0.545
0.566
0.519
0.503
0.482
0.439
0.469
0.387
0.359
0.29
0.246
0.23
0.26
0.337
0.281
0.223
0.172
0.16
0.16
0.174
0.158
0.154
0.151
0.146
0.149
0.163
0.154
0.176
0.191
0.189
0.192
0.118
0.122
0.129
0.139
0.175
0.173
0.172
0.154
0.115
0.118
0.153
0.174
0.166
0.164
0.154
0.141
0.113
0.115
0.113
0.111
0.119
0.145
0.158
0.096
0.109
0.117
0.125
0.112
0.095
0.117
0.266
0.644
0.551
0.537
0.568
0.572
0.732
1.539
1.299
1.375
1.155
0.939
1.174
1.261
1.053
1.035
1.191
3.035
4.056
3.916
3.626
3.026
2.496
2.174
1.657
1.233
0.817
0.601
0.196
0.16
0.169
0.132
0.127
0.148
0.171
0.203
0.145
0.149
0.15
0.148
0.147
0.147
0.153
0.16
0.159
0.16
0.176
0.188
0.162
0.167
0.23
0.146
0.126
0.138
0.158
0.235
0.615
1.518
2.956
3.971
3.01
4.406
5.005
4.019
2.895
2.312
2.029
1.839
1.678
1.501
1.268
1.173
1.093
1.008
0.877
0.379
0.491
0.587
0.674
0.705
0.699
0.741
0.739
0.731
0.728
0.786
0.828
0.85
0.859
0.866
0.858
0.9
1.149
1.856
4.938
6.109
5.816
4.619
3.629
3.046
2.522
2.317
2.637
10.957
15.057
11.257
8.449
5.365
4.106
3.966
3.565
3.259
3.119
3.255
3.258
3.226
2.746
2.587
3.52
5.808
12.477
11.437
8.775
6.416
5.244
3.121
2.749
2.789
2.905
2.896
2.879
2.877
2.839
2.675
2.268
1.675
1.529
1.572
1.537
1.48
1.677
4.062
22.781
49.208
42.373
23.851
14.601
10.985
8.378
7.227
6.646
6.06
5.718
4.918
4.558
4.398
4.118
2.548
2.558
2.758
2.758
2.748
2.736
2.735
2.795
2.725
2.715
2.688
2.579
2.552
2.962
3.535
5.789
7.28
8.221
12.186
27.585
36.231
29.391
19.355
14.736
12.135
10.938
10.871
8.292
7.468
9.078
8.136
6.426
4.596
4.456
4.583
4.48
4.171
4.172
4.086
3.498
6.958
11.491
9.989
7.019
6.779
6.293
5.473
4.575
4.253
4.17
4.072
3.739
3.3
2.49
2.12
2.43
2.49
2.497
2.445
2.492
2.542
2.382
2.202
2.092
2.022
2.072
2.542
2.602
2.512
2.372
3.272
3.773
3.72
3.511
3.162
2.862
2.506
2.369
2.271
2.316
2.061
1.649
1.808
1.742
1.768
1.962
2.206
2.256
2.122
1.869
1.689
1.543
1.505
1.552
1.469
1.212
1.002
1.118
1.269
1.499
2.129
2.169
1.859
1.659
1.559
1.468
1.068
0.689
0.812
0.847
0.744
0.725
0.744
0.644
0.619
0.501
0.374
0.4
0.319
0.276
0.271
0.246
0.281
0.314
0.509
0.64
0.677
0.714
1.179
1.736
2.076
3.714
4.911
4.294
3.824
2.164
1.874
1.564
0.894
0.815
0.81
0.768
0.785
0.721
0.725
0.895
1.114
1.12
1.059
0.961
0.869
0.586
0.506
0.7
1.022
1.148
0.978
0.784
0.735
0.675
0.637
0.729
0.77
0.736
0.694
0.63
0.586
0.573
0.651
0.843
0.947
0.906
0.863
0.857
0.835
0.851
0.961
1.05
1.14
1.184
1.151
1.078
0.991
0.919
0.806
0.593
0.436
0.336
0.291
0.238
0.238
0.238
0.237
0.238
0.264
0.264
0.31
